# columns = ['i', 'j', 'weight', 'delay']
0 0 -13.943270124689966849 0.100
1 0 -5.394362878668086836 0.100
2 1 -13.943270124689966849 0.100
3 1 -5.394362878668086836 0.100
4 2 -13.943270124689966849 0.100
5 2 -5.394362878668086836 0.100
6 3 -13.943270124689966849 0.100
7 3 -5.394362878668086836 0.100
8 4 -13.943270124689966849 0.100
9 4 -5.394362878668086836 0.100
10 5 -13.943270124689966849 0.100
11 5 -5.394362878668086836 0.100
12 6 -13.943270124689966849 0.100
13 6 -5.394362878668086836 0.100
14 7 -13.943270124689966849 0.100
15 7 -5.394362878668086836 0.100
16 8 -13.943270124689966849 0.100
17 8 -5.394362878668086836 0.100
18 9 -13.943270124689966849 0.100
19 9 -5.394362878668086836 0.100
20 10 -13.943270124689966849 0.100
21 10 -5.394362878668086836 0.100
22 11 -13.943270124689966849 0.100
23 11 -5.394362878668086836 0.100
24 12 -13.943270124689966849 0.100
25 12 -5.394362878668086836 0.100
56 13 -13.943270124689966849 0.100
57 13 -5.394362878668086836 0.100
58 14 -13.943270124689966849 0.100
59 14 -5.394362878668086836 0.100
60 15 -13.943270124689966849 0.100
61 15 -5.394362878668086836 0.100
62 16 -13.943270124689966849 0.100
63 16 -5.394362878668086836 0.100
64 17 -13.943270124689966849 0.100
65 17 -5.394362878668086836 0.100
66 18 -13.943270124689966849 0.100
67 18 -5.394362878668086836 0.100
68 19 -13.943270124689966849 0.100
69 19 -5.394362878668086836 0.100
70 20 -13.943270124689966849 0.100
71 20 -5.394362878668086836 0.100
72 21 -13.943270124689966849 0.100
73 21 -5.394362878668086836 0.100
74 22 -13.943270124689966849 0.100
75 22 -5.394362878668086836 0.100
76 23 -13.943270124689966849 0.100
77 23 -5.394362878668086836 0.100
78 24 -13.943270124689966849 0.100
79 24 -5.394362878668086836 0.100
80 25 -13.943270124689966849 0.100
81 25 -5.394362878668086836 0.100
112 26 -13.943270124689966849 0.100
113 26 -5.394362878668086836 0.100
114 27 -13.943270124689966849 0.100
115 27 -5.394362878668086836 0.100
116 28 -13.943270124689966849 0.100
117 28 -5.394362878668086836 0.100
118 29 -13.943270124689966849 0.100
119 29 -5.394362878668086836 0.100
120 30 -13.943270124689966849 0.100
121 30 -5.394362878668086836 0.100
122 31 -13.943270124689966849 0.100
123 31 -5.394362878668086836 0.100
124 32 -13.943270124689966849 0.100
125 32 -5.394362878668086836 0.100
126 33 -13.943270124689966849 0.100
127 33 -5.394362878668086836 0.100
128 34 -13.943270124689966849 0.100
129 34 -5.394362878668086836 0.100
130 35 -13.943270124689966849 0.100
131 35 -5.394362878668086836 0.100
132 36 -13.943270124689966849 0.100
133 36 -5.394362878668086836 0.100
134 37 -13.943270124689966849 0.100
135 37 -5.394362878668086836 0.100
136 38 -13.943270124689966849 0.100
137 38 -5.394362878668086836 0.100
168 39 -13.943270124689966849 0.100
169 39 -5.394362878668086836 0.100
170 40 -13.943270124689966849 0.100
171 40 -5.394362878668086836 0.100
172 41 -13.943270124689966849 0.100
173 41 -5.394362878668086836 0.100
174 42 -13.943270124689966849 0.100
175 42 -5.394362878668086836 0.100
176 43 -13.943270124689966849 0.100
177 43 -5.394362878668086836 0.100
178 44 -13.943270124689966849 0.100
179 44 -5.394362878668086836 0.100
180 45 -13.943270124689966849 0.100
181 45 -5.394362878668086836 0.100
182 46 -13.943270124689966849 0.100
183 46 -5.394362878668086836 0.100
184 47 -13.943270124689966849 0.100
185 47 -5.394362878668086836 0.100
186 48 -13.943270124689966849 0.100
187 48 -5.394362878668086836 0.100
188 49 -13.943270124689966849 0.100
189 49 -5.394362878668086836 0.100
190 50 -13.943270124689966849 0.100
191 50 -5.394362878668086836 0.100
192 51 -13.943270124689966849 0.100
193 51 -5.394362878668086836 0.100
224 52 -13.943270124689966849 0.100
225 52 -5.394362878668086836 0.100
226 53 -13.943270124689966849 0.100
227 53 -5.394362878668086836 0.100
228 54 -13.943270124689966849 0.100
229 54 -5.394362878668086836 0.100
230 55 -13.943270124689966849 0.100
231 55 -5.394362878668086836 0.100
232 56 -13.943270124689966849 0.100
233 56 -5.394362878668086836 0.100
234 57 -13.943270124689966849 0.100
235 57 -5.394362878668086836 0.100
236 58 -13.943270124689966849 0.100
237 58 -5.394362878668086836 0.100
238 59 -13.943270124689966849 0.100
239 59 -5.394362878668086836 0.100
240 60 -13.943270124689966849 0.100
241 60 -5.394362878668086836 0.100
242 61 -13.943270124689966849 0.100
243 61 -5.394362878668086836 0.100
244 62 -13.943270124689966849 0.100
245 62 -5.394362878668086836 0.100
246 63 -13.943270124689966849 0.100
247 63 -5.394362878668086836 0.100
248 64 -13.943270124689966849 0.100
249 64 -5.394362878668086836 0.100
280 65 -13.943270124689966849 0.100
281 65 -5.394362878668086836 0.100
282 66 -13.943270124689966849 0.100
283 66 -5.394362878668086836 0.100
284 67 -13.943270124689966849 0.100
285 67 -5.394362878668086836 0.100
286 68 -13.943270124689966849 0.100
287 68 -5.394362878668086836 0.100
288 69 -13.943270124689966849 0.100
289 69 -5.394362878668086836 0.100
290 70 -13.943270124689966849 0.100
291 70 -5.394362878668086836 0.100
292 71 -13.943270124689966849 0.100
293 71 -5.394362878668086836 0.100
294 72 -13.943270124689966849 0.100
295 72 -5.394362878668086836 0.100
296 73 -13.943270124689966849 0.100
297 73 -5.394362878668086836 0.100
298 74 -13.943270124689966849 0.100
299 74 -5.394362878668086836 0.100
300 75 -13.943270124689966849 0.100
301 75 -5.394362878668086836 0.100
302 76 -13.943270124689966849 0.100
303 76 -5.394362878668086836 0.100
304 77 -13.943270124689966849 0.100
305 77 -5.394362878668086836 0.100
336 78 -13.943270124689966849 0.100
337 78 -5.394362878668086836 0.100
338 79 -13.943270124689966849 0.100
339 79 -5.394362878668086836 0.100
340 80 -13.943270124689966849 0.100
341 80 -5.394362878668086836 0.100
342 81 -13.943270124689966849 0.100
343 81 -5.394362878668086836 0.100
344 82 -13.943270124689966849 0.100
345 82 -5.394362878668086836 0.100
346 83 -13.943270124689966849 0.100
347 83 -5.394362878668086836 0.100
348 84 -13.943270124689966849 0.100
349 84 -5.394362878668086836 0.100
350 85 -13.943270124689966849 0.100
351 85 -5.394362878668086836 0.100
352 86 -13.943270124689966849 0.100
353 86 -5.394362878668086836 0.100
354 87 -13.943270124689966849 0.100
355 87 -5.394362878668086836 0.100
356 88 -13.943270124689966849 0.100
357 88 -5.394362878668086836 0.100
358 89 -13.943270124689966849 0.100
359 89 -5.394362878668086836 0.100
360 90 -13.943270124689966849 0.100
361 90 -5.394362878668086836 0.100
392 91 -13.943270124689966849 0.100
393 91 -5.394362878668086836 0.100
394 92 -13.943270124689966849 0.100
395 92 -5.394362878668086836 0.100
396 93 -13.943270124689966849 0.100
397 93 -5.394362878668086836 0.100
398 94 -13.943270124689966849 0.100
399 94 -5.394362878668086836 0.100
400 95 -13.943270124689966849 0.100
401 95 -5.394362878668086836 0.100
402 96 -13.943270124689966849 0.100
403 96 -5.394362878668086836 0.100
404 97 -13.943270124689966849 0.100
405 97 -5.394362878668086836 0.100
406 98 -13.943270124689966849 0.100
407 98 -5.394362878668086836 0.100
408 99 -13.943270124689966849 0.100
409 99 -5.394362878668086836 0.100
410 100 -13.943270124689966849 0.100
411 100 -5.394362878668086836 0.100
412 101 -13.943270124689966849 0.100
413 101 -5.394362878668086836 0.100
414 102 -13.943270124689966849 0.100
415 102 -5.394362878668086836 0.100
416 103 -13.943270124689966849 0.100
417 103 -5.394362878668086836 0.100
448 104 -13.943270124689966849 0.100
449 104 -5.394362878668086836 0.100
450 105 -13.943270124689966849 0.100
451 105 -5.394362878668086836 0.100
452 106 -13.943270124689966849 0.100
453 106 -5.394362878668086836 0.100
454 107 -13.943270124689966849 0.100
455 107 -5.394362878668086836 0.100
456 108 -13.943270124689966849 0.100
457 108 -5.394362878668086836 0.100
458 109 -13.943270124689966849 0.100
459 109 -5.394362878668086836 0.100
460 110 -13.943270124689966849 0.100
461 110 -5.394362878668086836 0.100
462 111 -13.943270124689966849 0.100
463 111 -5.394362878668086836 0.100
464 112 -13.943270124689966849 0.100
465 112 -5.394362878668086836 0.100
466 113 -13.943270124689966849 0.100
467 113 -5.394362878668086836 0.100
468 114 -13.943270124689966849 0.100
469 114 -5.394362878668086836 0.100
470 115 -13.943270124689966849 0.100
471 115 -5.394362878668086836 0.100
472 116 -13.943270124689966849 0.100
473 116 -5.394362878668086836 0.100
504 117 -13.943270124689966849 0.100
505 117 -5.394362878668086836 0.100
506 118 -13.943270124689966849 0.100
507 118 -5.394362878668086836 0.100
508 119 -13.943270124689966849 0.100
509 119 -5.394362878668086836 0.100
510 120 -13.943270124689966849 0.100
511 120 -5.394362878668086836 0.100
512 121 -13.943270124689966849 0.100
513 121 -5.394362878668086836 0.100
514 122 -13.943270124689966849 0.100
515 122 -5.394362878668086836 0.100
516 123 -13.943270124689966849 0.100
517 123 -5.394362878668086836 0.100
518 124 -13.943270124689966849 0.100
519 124 -5.394362878668086836 0.100
520 125 -13.943270124689966849 0.100
521 125 -5.394362878668086836 0.100
522 126 -13.943270124689966849 0.100
523 126 -5.394362878668086836 0.100
524 127 -13.943270124689966849 0.100
525 127 -5.394362878668086836 0.100
526 128 -13.943270124689966849 0.100
527 128 -5.394362878668086836 0.100
528 129 -13.943270124689966849 0.100
529 129 -5.394362878668086836 0.100
560 130 -13.943270124689966849 0.100
561 130 -5.394362878668086836 0.100
562 131 -13.943270124689966849 0.100
563 131 -5.394362878668086836 0.100
564 132 -13.943270124689966849 0.100
565 132 -5.394362878668086836 0.100
566 133 -13.943270124689966849 0.100
567 133 -5.394362878668086836 0.100
568 134 -13.943270124689966849 0.100
569 134 -5.394362878668086836 0.100
570 135 -13.943270124689966849 0.100
571 135 -5.394362878668086836 0.100
572 136 -13.943270124689966849 0.100
573 136 -5.394362878668086836 0.100
574 137 -13.943270124689966849 0.100
575 137 -5.394362878668086836 0.100
576 138 -13.943270124689966849 0.100
577 138 -5.394362878668086836 0.100
578 139 -13.943270124689966849 0.100
579 139 -5.394362878668086836 0.100
580 140 -13.943270124689966849 0.100
581 140 -5.394362878668086836 0.100
582 141 -13.943270124689966849 0.100
583 141 -5.394362878668086836 0.100
584 142 -13.943270124689966849 0.100
585 142 -5.394362878668086836 0.100
616 143 -13.943270124689966849 0.100
617 143 -5.394362878668086836 0.100
618 144 -13.943270124689966849 0.100
619 144 -5.394362878668086836 0.100
620 145 -13.943270124689966849 0.100
621 145 -5.394362878668086836 0.100
622 146 -13.943270124689966849 0.100
623 146 -5.394362878668086836 0.100
624 147 -13.943270124689966849 0.100
625 147 -5.394362878668086836 0.100
626 148 -13.943270124689966849 0.100
627 148 -5.394362878668086836 0.100
628 149 -13.943270124689966849 0.100
629 149 -5.394362878668086836 0.100
630 150 -13.943270124689966849 0.100
631 150 -5.394362878668086836 0.100
632 151 -13.943270124689966849 0.100
633 151 -5.394362878668086836 0.100
634 152 -13.943270124689966849 0.100
635 152 -5.394362878668086836 0.100
636 153 -13.943270124689966849 0.100
637 153 -5.394362878668086836 0.100
638 154 -13.943270124689966849 0.100
639 154 -5.394362878668086836 0.100
640 155 -13.943270124689966849 0.100
641 155 -5.394362878668086836 0.100
672 156 -13.943270124689966849 0.100
673 156 -5.394362878668086836 0.100
674 157 -13.943270124689966849 0.100
675 157 -5.394362878668086836 0.100
676 158 -13.943270124689966849 0.100
677 158 -5.394362878668086836 0.100
678 159 -13.943270124689966849 0.100
679 159 -5.394362878668086836 0.100
680 160 -13.943270124689966849 0.100
681 160 -5.394362878668086836 0.100
682 161 -13.943270124689966849 0.100
683 161 -5.394362878668086836 0.100
684 162 -13.943270124689966849 0.100
685 162 -5.394362878668086836 0.100
686 163 -13.943270124689966849 0.100
687 163 -5.394362878668086836 0.100
688 164 -13.943270124689966849 0.100
689 164 -5.394362878668086836 0.100
690 165 -13.943270124689966849 0.100
691 165 -5.394362878668086836 0.100
692 166 -13.943270124689966849 0.100
693 166 -5.394362878668086836 0.100
694 167 -13.943270124689966849 0.100
695 167 -5.394362878668086836 0.100
696 168 -13.943270124689966849 0.100
697 168 -5.394362878668086836 0.100
57 169 -0.918732316994704923 0.100
59 170 -0.918732316994704923 0.100
61 171 -0.918732316994704923 0.100
63 172 -0.918732316994704923 0.100
65 173 -0.918732316994704923 0.100
67 174 -0.918732316994704923 0.100
69 175 -0.918732316994704923 0.100
71 176 -0.918732316994704923 0.100
73 177 -0.918732316994704923 0.100
75 178 -0.918732316994704923 0.100
77 179 -0.918732316994704923 0.100
79 180 -0.918732316994704923 0.100
81 181 -0.918732316994704923 0.100
113 182 -0.918732316994704923 0.100
115 183 -0.918732316994704923 0.100
117 184 -0.918732316994704923 0.100
119 185 -0.918732316994704923 0.100
121 186 -0.918732316994704923 0.100
123 187 -0.918732316994704923 0.100
125 188 -0.918732316994704923 0.100
127 189 -0.918732316994704923 0.100
129 190 -0.918732316994704923 0.100
131 191 -0.918732316994704923 0.100
133 192 -0.918732316994704923 0.100
135 193 -0.918732316994704923 0.100
137 194 -0.918732316994704923 0.100
169 195 -0.918732316994704923 0.100
171 196 -0.918732316994704923 0.100
173 197 -0.918732316994704923 0.100
175 198 -0.918732316994704923 0.100
177 199 -0.918732316994704923 0.100
179 200 -0.918732316994704923 0.100
181 201 -0.918732316994704923 0.100
183 202 -0.918732316994704923 0.100
185 203 -0.918732316994704923 0.100
187 204 -0.918732316994704923 0.100
189 205 -0.918732316994704923 0.100
191 206 -0.918732316994704923 0.100
193 207 -0.918732316994704923 0.100
225 208 -0.918732316994704923 0.100
227 209 -0.918732316994704923 0.100
229 210 -0.918732316994704923 0.100
231 211 -0.918732316994704923 0.100
233 212 -0.918732316994704923 0.100
235 213 -0.918732316994704923 0.100
237 214 -0.918732316994704923 0.100
239 215 -0.918732316994704923 0.100
241 216 -0.918732316994704923 0.100
243 217 -0.918732316994704923 0.100
245 218 -0.918732316994704923 0.100
247 219 -0.918732316994704923 0.100
249 220 -0.918732316994704923 0.100
281 221 -0.918732316994704923 0.100
283 222 -0.918732316994704923 0.100
285 223 -0.918732316994704923 0.100
287 224 -0.918732316994704923 0.100
289 225 -0.918732316994704923 0.100
291 226 -0.918732316994704923 0.100
293 227 -0.918732316994704923 0.100
295 228 -0.918732316994704923 0.100
297 229 -0.918732316994704923 0.100
299 230 -0.918732316994704923 0.100
301 231 -0.918732316994704923 0.100
303 232 -0.918732316994704923 0.100
305 233 -0.918732316994704923 0.100
337 234 -0.918732316994704923 0.100
339 235 -0.918732316994704923 0.100
341 236 -0.918732316994704923 0.100
343 237 -0.918732316994704923 0.100
345 238 -0.918732316994704923 0.100
347 239 -0.918732316994704923 0.100
349 240 -0.918732316994704923 0.100
351 241 -0.918732316994704923 0.100
353 242 -0.918732316994704923 0.100
355 243 -0.918732316994704923 0.100
357 244 -0.918732316994704923 0.100
359 245 -0.918732316994704923 0.100
361 246 -0.918732316994704923 0.100
393 247 -0.918732316994704923 0.100
395 248 -0.918732316994704923 0.100
397 249 -0.918732316994704923 0.100
399 250 -0.918732316994704923 0.100
401 251 -0.918732316994704923 0.100
403 252 -0.918732316994704923 0.100
405 253 -0.918732316994704923 0.100
407 254 -0.918732316994704923 0.100
409 255 -0.918732316994704923 0.100
411 256 -0.918732316994704923 0.100
413 257 -0.918732316994704923 0.100
415 258 -0.918732316994704923 0.100
417 259 -0.918732316994704923 0.100
449 260 -0.918732316994704923 0.100
451 261 -0.918732316994704923 0.100
453 262 -0.918732316994704923 0.100
455 263 -0.918732316994704923 0.100
457 264 -0.918732316994704923 0.100
459 265 -0.918732316994704923 0.100
461 266 -0.918732316994704923 0.100
463 267 -0.918732316994704923 0.100
465 268 -0.918732316994704923 0.100
467 269 -0.918732316994704923 0.100
469 270 -0.918732316994704923 0.100
471 271 -0.918732316994704923 0.100
473 272 -0.918732316994704923 0.100
505 273 -0.918732316994704923 0.100
507 274 -0.918732316994704923 0.100
509 275 -0.918732316994704923 0.100
511 276 -0.918732316994704923 0.100
513 277 -0.918732316994704923 0.100
515 278 -0.918732316994704923 0.100
517 279 -0.918732316994704923 0.100
519 280 -0.918732316994704923 0.100
521 281 -0.918732316994704923 0.100
523 282 -0.918732316994704923 0.100
525 283 -0.918732316994704923 0.100
527 284 -0.918732316994704923 0.100
529 285 -0.918732316994704923 0.100
561 286 -0.918732316994704923 0.100
563 287 -0.918732316994704923 0.100
565 288 -0.918732316994704923 0.100
567 289 -0.918732316994704923 0.100
569 290 -0.918732316994704923 0.100
571 291 -0.918732316994704923 0.100
573 292 -0.918732316994704923 0.100
575 293 -0.918732316994704923 0.100
577 294 -0.918732316994704923 0.100
579 295 -0.918732316994704923 0.100
581 296 -0.918732316994704923 0.100
583 297 -0.918732316994704923 0.100
585 298 -0.918732316994704923 0.100
617 299 -0.918732316994704923 0.100
619 300 -0.918732316994704923 0.100
621 301 -0.918732316994704923 0.100
623 302 -0.918732316994704923 0.100
625 303 -0.918732316994704923 0.100
627 304 -0.918732316994704923 0.100
629 305 -0.918732316994704923 0.100
631 306 -0.918732316994704923 0.100
633 307 -0.918732316994704923 0.100
635 308 -0.918732316994704923 0.100
637 309 -0.918732316994704923 0.100
639 310 -0.918732316994704923 0.100
641 311 -0.918732316994704923 0.100
673 312 -0.918732316994704923 0.100
675 313 -0.918732316994704923 0.100
677 314 -0.918732316994704923 0.100
679 315 -0.918732316994704923 0.100
681 316 -0.918732316994704923 0.100
683 317 -0.918732316994704923 0.100
685 318 -0.918732316994704923 0.100
687 319 -0.918732316994704923 0.100
689 320 -0.918732316994704923 0.100
691 321 -0.918732316994704923 0.100
693 322 -0.918732316994704923 0.100
695 323 -0.918732316994704923 0.100
697 324 -0.918732316994704923 0.100
729 325 -0.918732316994704923 0.100
731 326 -0.918732316994704923 0.100
733 327 -0.918732316994704923 0.100
735 328 -0.918732316994704923 0.100
737 329 -0.918732316994704923 0.100
739 330 -0.918732316994704923 0.100
741 331 -0.918732316994704923 0.100
743 332 -0.918732316994704923 0.100
745 333 -0.918732316994704923 0.100
747 334 -0.918732316994704923 0.100
749 335 -0.918732316994704923 0.100
751 336 -0.918732316994704923 0.100
753 337 -0.918732316994704923 0.100
0 338 -54.570587541654241193 0.100
1 338 -45.163857900662911504 0.100
28 338 -8.637242534569530505 0.100
2 339 -54.570587541654241193 0.100
3 339 -45.163857900662911504 0.100
30 339 -8.637242534569530505 0.100
4 340 -54.570587541654241193 0.100
5 340 -45.163857900662911504 0.100
32 340 -8.637242534569530505 0.100
6 341 -54.570587541654241193 0.100
7 341 -45.163857900662911504 0.100
34 341 -8.637242534569530505 0.100
8 342 -54.570587541654241193 0.100
9 342 -45.163857900662911504 0.100
36 342 -8.637242534569530505 0.100
10 343 -54.570587541654241193 0.100
11 343 -45.163857900662911504 0.100
38 343 -8.637242534569530505 0.100
12 344 -54.570587541654241193 0.100
13 344 -45.163857900662911504 0.100
40 344 -8.637242534569530505 0.100
14 345 -54.570587541654241193 0.100
15 345 -45.163857900662911504 0.100
42 345 -8.637242534569530505 0.100
16 346 -54.570587541654241193 0.100
17 346 -45.163857900662911504 0.100
44 346 -8.637242534569530505 0.100
18 347 -54.570587541654241193 0.100
19 347 -45.163857900662911504 0.100
46 347 -8.637242534569530505 0.100
20 348 -54.570587541654241193 0.100
21 348 -45.163857900662911504 0.100
48 348 -8.637242534569530505 0.100
22 349 -54.570587541654241193 0.100
23 349 -45.163857900662911504 0.100
50 349 -8.637242534569530505 0.100
24 350 -54.570587541654241193 0.100
25 350 -45.163857900662911504 0.100
52 350 -8.637242534569530505 0.100
56 351 -54.570587541654241193 0.100
57 351 -45.163857900662911504 0.100
84 351 -8.637242534569530505 0.100
58 352 -54.570587541654241193 0.100
59 352 -45.163857900662911504 0.100
86 352 -8.637242534569530505 0.100
60 353 -54.570587541654241193 0.100
61 353 -45.163857900662911504 0.100
88 353 -8.637242534569530505 0.100
62 354 -54.570587541654241193 0.100
63 354 -45.163857900662911504 0.100
90 354 -8.637242534569530505 0.100
64 355 -54.570587541654241193 0.100
65 355 -45.163857900662911504 0.100
92 355 -8.637242534569530505 0.100
66 356 -54.570587541654241193 0.100
67 356 -45.163857900662911504 0.100
94 356 -8.637242534569530505 0.100
68 357 -54.570587541654241193 0.100
69 357 -45.163857900662911504 0.100
96 357 -8.637242534569530505 0.100
70 358 -54.570587541654241193 0.100
71 358 -45.163857900662911504 0.100
98 358 -8.637242534569530505 0.100
72 359 -54.570587541654241193 0.100
73 359 -45.163857900662911504 0.100
100 359 -8.637242534569530505 0.100
74 360 -54.570587541654241193 0.100
75 360 -45.163857900662911504 0.100
102 360 -8.637242534569530505 0.100
76 361 -54.570587541654241193 0.100
77 361 -45.163857900662911504 0.100
104 361 -8.637242534569530505 0.100
78 362 -54.570587541654241193 0.100
79 362 -45.163857900662911504 0.100
106 362 -8.637242534569530505 0.100
80 363 -54.570587541654241193 0.100
81 363 -45.163857900662911504 0.100
108 363 -8.637242534569530505 0.100
112 364 -54.570587541654241193 0.100
113 364 -45.163857900662911504 0.100
140 364 -8.637242534569530505 0.100
114 365 -54.570587541654241193 0.100
115 365 -45.163857900662911504 0.100
142 365 -8.637242534569530505 0.100
116 366 -54.570587541654241193 0.100
117 366 -45.163857900662911504 0.100
144 366 -8.637242534569530505 0.100
118 367 -54.570587541654241193 0.100
119 367 -45.163857900662911504 0.100
146 367 -8.637242534569530505 0.100
120 368 -54.570587541654241193 0.100
121 368 -45.163857900662911504 0.100
148 368 -8.637242534569530505 0.100
122 369 -54.570587541654241193 0.100
123 369 -45.163857900662911504 0.100
150 369 -8.637242534569530505 0.100
124 370 -54.570587541654241193 0.100
125 370 -45.163857900662911504 0.100
152 370 -8.637242534569530505 0.100
126 371 -54.570587541654241193 0.100
127 371 -45.163857900662911504 0.100
154 371 -8.637242534569530505 0.100
128 372 -54.570587541654241193 0.100
129 372 -45.163857900662911504 0.100
156 372 -8.637242534569530505 0.100
130 373 -54.570587541654241193 0.100
131 373 -45.163857900662911504 0.100
158 373 -8.637242534569530505 0.100
132 374 -54.570587541654241193 0.100
133 374 -45.163857900662911504 0.100
160 374 -8.637242534569530505 0.100
134 375 -54.570587541654241193 0.100
135 375 -45.163857900662911504 0.100
162 375 -8.637242534569530505 0.100
136 376 -54.570587541654241193 0.100
137 376 -45.163857900662911504 0.100
164 376 -8.637242534569530505 0.100
168 377 -54.570587541654241193 0.100
169 377 -45.163857900662911504 0.100
196 377 -8.637242534569530505 0.100
170 378 -54.570587541654241193 0.100
171 378 -45.163857900662911504 0.100
198 378 -8.637242534569530505 0.100
172 379 -54.570587541654241193 0.100
173 379 -45.163857900662911504 0.100
200 379 -8.637242534569530505 0.100
174 380 -54.570587541654241193 0.100
175 380 -45.163857900662911504 0.100
202 380 -8.637242534569530505 0.100
176 381 -54.570587541654241193 0.100
177 381 -45.163857900662911504 0.100
204 381 -8.637242534569530505 0.100
178 382 -54.570587541654241193 0.100
179 382 -45.163857900662911504 0.100
206 382 -8.637242534569530505 0.100
180 383 -54.570587541654241193 0.100
181 383 -45.163857900662911504 0.100
208 383 -8.637242534569530505 0.100
182 384 -54.570587541654241193 0.100
183 384 -45.163857900662911504 0.100
210 384 -8.637242534569530505 0.100
184 385 -54.570587541654241193 0.100
185 385 -45.163857900662911504 0.100
212 385 -8.637242534569530505 0.100
186 386 -54.570587541654241193 0.100
187 386 -45.163857900662911504 0.100
214 386 -8.637242534569530505 0.100
188 387 -54.570587541654241193 0.100
189 387 -45.163857900662911504 0.100
216 387 -8.637242534569530505 0.100
190 388 -54.570587541654241193 0.100
191 388 -45.163857900662911504 0.100
218 388 -8.637242534569530505 0.100
192 389 -54.570587541654241193 0.100
193 389 -45.163857900662911504 0.100
220 389 -8.637242534569530505 0.100
224 390 -54.570587541654241193 0.100
225 390 -45.163857900662911504 0.100
252 390 -8.637242534569530505 0.100
226 391 -54.570587541654241193 0.100
227 391 -45.163857900662911504 0.100
254 391 -8.637242534569530505 0.100
228 392 -54.570587541654241193 0.100
229 392 -45.163857900662911504 0.100
256 392 -8.637242534569530505 0.100
230 393 -54.570587541654241193 0.100
231 393 -45.163857900662911504 0.100
258 393 -8.637242534569530505 0.100
232 394 -54.570587541654241193 0.100
233 394 -45.163857900662911504 0.100
260 394 -8.637242534569530505 0.100
234 395 -54.570587541654241193 0.100
235 395 -45.163857900662911504 0.100
262 395 -8.637242534569530505 0.100
236 396 -54.570587541654241193 0.100
237 396 -45.163857900662911504 0.100
264 396 -8.637242534569530505 0.100
238 397 -54.570587541654241193 0.100
239 397 -45.163857900662911504 0.100
266 397 -8.637242534569530505 0.100
240 398 -54.570587541654241193 0.100
241 398 -45.163857900662911504 0.100
268 398 -8.637242534569530505 0.100
242 399 -54.570587541654241193 0.100
243 399 -45.163857900662911504 0.100
270 399 -8.637242534569530505 0.100
244 400 -54.570587541654241193 0.100
245 400 -45.163857900662911504 0.100
272 400 -8.637242534569530505 0.100
246 401 -54.570587541654241193 0.100
247 401 -45.163857900662911504 0.100
274 401 -8.637242534569530505 0.100
248 402 -54.570587541654241193 0.100
249 402 -45.163857900662911504 0.100
276 402 -8.637242534569530505 0.100
280 403 -54.570587541654241193 0.100
281 403 -45.163857900662911504 0.100
308 403 -8.637242534569530505 0.100
282 404 -54.570587541654241193 0.100
283 404 -45.163857900662911504 0.100
310 404 -8.637242534569530505 0.100
284 405 -54.570587541654241193 0.100
285 405 -45.163857900662911504 0.100
312 405 -8.637242534569530505 0.100
286 406 -54.570587541654241193 0.100
287 406 -45.163857900662911504 0.100
314 406 -8.637242534569530505 0.100
288 407 -54.570587541654241193 0.100
289 407 -45.163857900662911504 0.100
316 407 -8.637242534569530505 0.100
290 408 -54.570587541654241193 0.100
291 408 -45.163857900662911504 0.100
318 408 -8.637242534569530505 0.100
292 409 -54.570587541654241193 0.100
293 409 -45.163857900662911504 0.100
320 409 -8.637242534569530505 0.100
294 410 -54.570587541654241193 0.100
295 410 -45.163857900662911504 0.100
322 410 -8.637242534569530505 0.100
296 411 -54.570587541654241193 0.100
297 411 -45.163857900662911504 0.100
324 411 -8.637242534569530505 0.100
298 412 -54.570587541654241193 0.100
299 412 -45.163857900662911504 0.100
326 412 -8.637242534569530505 0.100
300 413 -54.570587541654241193 0.100
301 413 -45.163857900662911504 0.100
328 413 -8.637242534569530505 0.100
302 414 -54.570587541654241193 0.100
303 414 -45.163857900662911504 0.100
330 414 -8.637242534569530505 0.100
304 415 -54.570587541654241193 0.100
305 415 -45.163857900662911504 0.100
332 415 -8.637242534569530505 0.100
336 416 -54.570587541654241193 0.100
337 416 -45.163857900662911504 0.100
364 416 -8.637242534569530505 0.100
338 417 -54.570587541654241193 0.100
339 417 -45.163857900662911504 0.100
366 417 -8.637242534569530505 0.100
340 418 -54.570587541654241193 0.100
341 418 -45.163857900662911504 0.100
368 418 -8.637242534569530505 0.100
342 419 -54.570587541654241193 0.100
343 419 -45.163857900662911504 0.100
370 419 -8.637242534569530505 0.100
344 420 -54.570587541654241193 0.100
345 420 -45.163857900662911504 0.100
372 420 -8.637242534569530505 0.100
346 421 -54.570587541654241193 0.100
347 421 -45.163857900662911504 0.100
374 421 -8.637242534569530505 0.100
348 422 -54.570587541654241193 0.100
349 422 -45.163857900662911504 0.100
376 422 -8.637242534569530505 0.100
350 423 -54.570587541654241193 0.100
351 423 -45.163857900662911504 0.100
378 423 -8.637242534569530505 0.100
352 424 -54.570587541654241193 0.100
353 424 -45.163857900662911504 0.100
380 424 -8.637242534569530505 0.100
354 425 -54.570587541654241193 0.100
355 425 -45.163857900662911504 0.100
382 425 -8.637242534569530505 0.100
356 426 -54.570587541654241193 0.100
357 426 -45.163857900662911504 0.100
384 426 -8.637242534569530505 0.100
358 427 -54.570587541654241193 0.100
359 427 -45.163857900662911504 0.100
386 427 -8.637242534569530505 0.100
360 428 -54.570587541654241193 0.100
361 428 -45.163857900662911504 0.100
388 428 -8.637242534569530505 0.100
392 429 -54.570587541654241193 0.100
393 429 -45.163857900662911504 0.100
420 429 -8.637242534569530505 0.100
394 430 -54.570587541654241193 0.100
395 430 -45.163857900662911504 0.100
422 430 -8.637242534569530505 0.100
396 431 -54.570587541654241193 0.100
397 431 -45.163857900662911504 0.100
424 431 -8.637242534569530505 0.100
398 432 -54.570587541654241193 0.100
399 432 -45.163857900662911504 0.100
426 432 -8.637242534569530505 0.100
400 433 -54.570587541654241193 0.100
401 433 -45.163857900662911504 0.100
428 433 -8.637242534569530505 0.100
402 434 -54.570587541654241193 0.100
403 434 -45.163857900662911504 0.100
430 434 -8.637242534569530505 0.100
404 435 -54.570587541654241193 0.100
405 435 -45.163857900662911504 0.100
432 435 -8.637242534569530505 0.100
406 436 -54.570587541654241193 0.100
407 436 -45.163857900662911504 0.100
434 436 -8.637242534569530505 0.100
408 437 -54.570587541654241193 0.100
409 437 -45.163857900662911504 0.100
436 437 -8.637242534569530505 0.100
410 438 -54.570587541654241193 0.100
411 438 -45.163857900662911504 0.100
438 438 -8.637242534569530505 0.100
412 439 -54.570587541654241193 0.100
413 439 -45.163857900662911504 0.100
440 439 -8.637242534569530505 0.100
414 440 -54.570587541654241193 0.100
415 440 -45.163857900662911504 0.100
442 440 -8.637242534569530505 0.100
416 441 -54.570587541654241193 0.100
417 441 -45.163857900662911504 0.100
444 441 -8.637242534569530505 0.100
448 442 -54.570587541654241193 0.100
449 442 -45.163857900662911504 0.100
476 442 -8.637242534569530505 0.100
450 443 -54.570587541654241193 0.100
451 443 -45.163857900662911504 0.100
478 443 -8.637242534569530505 0.100
452 444 -54.570587541654241193 0.100
453 444 -45.163857900662911504 0.100
480 444 -8.637242534569530505 0.100
454 445 -54.570587541654241193 0.100
455 445 -45.163857900662911504 0.100
482 445 -8.637242534569530505 0.100
456 446 -54.570587541654241193 0.100
457 446 -45.163857900662911504 0.100
484 446 -8.637242534569530505 0.100
458 447 -54.570587541654241193 0.100
459 447 -45.163857900662911504 0.100
486 447 -8.637242534569530505 0.100
460 448 -54.570587541654241193 0.100
461 448 -45.163857900662911504 0.100
488 448 -8.637242534569530505 0.100
462 449 -54.570587541654241193 0.100
463 449 -45.163857900662911504 0.100
490 449 -8.637242534569530505 0.100
464 450 -54.570587541654241193 0.100
465 450 -45.163857900662911504 0.100
492 450 -8.637242534569530505 0.100
466 451 -54.570587541654241193 0.100
467 451 -45.163857900662911504 0.100
494 451 -8.637242534569530505 0.100
468 452 -54.570587541654241193 0.100
469 452 -45.163857900662911504 0.100
496 452 -8.637242534569530505 0.100
470 453 -54.570587541654241193 0.100
471 453 -45.163857900662911504 0.100
498 453 -8.637242534569530505 0.100
472 454 -54.570587541654241193 0.100
473 454 -45.163857900662911504 0.100
500 454 -8.637242534569530505 0.100
504 455 -54.570587541654241193 0.100
505 455 -45.163857900662911504 0.100
532 455 -8.637242534569530505 0.100
506 456 -54.570587541654241193 0.100
507 456 -45.163857900662911504 0.100
534 456 -8.637242534569530505 0.100
508 457 -54.570587541654241193 0.100
509 457 -45.163857900662911504 0.100
536 457 -8.637242534569530505 0.100
510 458 -54.570587541654241193 0.100
511 458 -45.163857900662911504 0.100
538 458 -8.637242534569530505 0.100
512 459 -54.570587541654241193 0.100
513 459 -45.163857900662911504 0.100
540 459 -8.637242534569530505 0.100
514 460 -54.570587541654241193 0.100
515 460 -45.163857900662911504 0.100
542 460 -8.637242534569530505 0.100
516 461 -54.570587541654241193 0.100
517 461 -45.163857900662911504 0.100
544 461 -8.637242534569530505 0.100
518 462 -54.570587541654241193 0.100
519 462 -45.163857900662911504 0.100
546 462 -8.637242534569530505 0.100
520 463 -54.570587541654241193 0.100
521 463 -45.163857900662911504 0.100
548 463 -8.637242534569530505 0.100
522 464 -54.570587541654241193 0.100
523 464 -45.163857900662911504 0.100
550 464 -8.637242534569530505 0.100
524 465 -54.570587541654241193 0.100
525 465 -45.163857900662911504 0.100
552 465 -8.637242534569530505 0.100
526 466 -54.570587541654241193 0.100
527 466 -45.163857900662911504 0.100
554 466 -8.637242534569530505 0.100
528 467 -54.570587541654241193 0.100
529 467 -45.163857900662911504 0.100
556 467 -8.637242534569530505 0.100
560 468 -54.570587541654241193 0.100
561 468 -45.163857900662911504 0.100
588 468 -8.637242534569530505 0.100
562 469 -54.570587541654241193 0.100
563 469 -45.163857900662911504 0.100
590 469 -8.637242534569530505 0.100
564 470 -54.570587541654241193 0.100
565 470 -45.163857900662911504 0.100
592 470 -8.637242534569530505 0.100
566 471 -54.570587541654241193 0.100
567 471 -45.163857900662911504 0.100
594 471 -8.637242534569530505 0.100
568 472 -54.570587541654241193 0.100
569 472 -45.163857900662911504 0.100
596 472 -8.637242534569530505 0.100
570 473 -54.570587541654241193 0.100
571 473 -45.163857900662911504 0.100
598 473 -8.637242534569530505 0.100
572 474 -54.570587541654241193 0.100
573 474 -45.163857900662911504 0.100
600 474 -8.637242534569530505 0.100
574 475 -54.570587541654241193 0.100
575 475 -45.163857900662911504 0.100
602 475 -8.637242534569530505 0.100
576 476 -54.570587541654241193 0.100
577 476 -45.163857900662911504 0.100
604 476 -8.637242534569530505 0.100
578 477 -54.570587541654241193 0.100
579 477 -45.163857900662911504 0.100
606 477 -8.637242534569530505 0.100
580 478 -54.570587541654241193 0.100
581 478 -45.163857900662911504 0.100
608 478 -8.637242534569530505 0.100
582 479 -54.570587541654241193 0.100
583 479 -45.163857900662911504 0.100
610 479 -8.637242534569530505 0.100
584 480 -54.570587541654241193 0.100
585 480 -45.163857900662911504 0.100
612 480 -8.637242534569530505 0.100
616 481 -54.570587541654241193 0.100
617 481 -45.163857900662911504 0.100
644 481 -8.637242534569530505 0.100
618 482 -54.570587541654241193 0.100
619 482 -45.163857900662911504 0.100
646 482 -8.637242534569530505 0.100
620 483 -54.570587541654241193 0.100
621 483 -45.163857900662911504 0.100
648 483 -8.637242534569530505 0.100
622 484 -54.570587541654241193 0.100
623 484 -45.163857900662911504 0.100
650 484 -8.637242534569530505 0.100
624 485 -54.570587541654241193 0.100
625 485 -45.163857900662911504 0.100
652 485 -8.637242534569530505 0.100
626 486 -54.570587541654241193 0.100
627 486 -45.163857900662911504 0.100
654 486 -8.637242534569530505 0.100
628 487 -54.570587541654241193 0.100
629 487 -45.163857900662911504 0.100
656 487 -8.637242534569530505 0.100
630 488 -54.570587541654241193 0.100
631 488 -45.163857900662911504 0.100
658 488 -8.637242534569530505 0.100
632 489 -54.570587541654241193 0.100
633 489 -45.163857900662911504 0.100
660 489 -8.637242534569530505 0.100
634 490 -54.570587541654241193 0.100
635 490 -45.163857900662911504 0.100
662 490 -8.637242534569530505 0.100
636 491 -54.570587541654241193 0.100
637 491 -45.163857900662911504 0.100
664 491 -8.637242534569530505 0.100
638 492 -54.570587541654241193 0.100
639 492 -45.163857900662911504 0.100
666 492 -8.637242534569530505 0.100
640 493 -54.570587541654241193 0.100
641 493 -45.163857900662911504 0.100
668 493 -8.637242534569530505 0.100
672 494 -54.570587541654241193 0.100
673 494 -45.163857900662911504 0.100
700 494 -8.637242534569530505 0.100
674 495 -54.570587541654241193 0.100
675 495 -45.163857900662911504 0.100
702 495 -8.637242534569530505 0.100
676 496 -54.570587541654241193 0.100
677 496 -45.163857900662911504 0.100
704 496 -8.637242534569530505 0.100
678 497 -54.570587541654241193 0.100
679 497 -45.163857900662911504 0.100
706 497 -8.637242534569530505 0.100
680 498 -54.570587541654241193 0.100
681 498 -45.163857900662911504 0.100
708 498 -8.637242534569530505 0.100
682 499 -54.570587541654241193 0.100
683 499 -45.163857900662911504 0.100
710 499 -8.637242534569530505 0.100
684 500 -54.570587541654241193 0.100
685 500 -45.163857900662911504 0.100
712 500 -8.637242534569530505 0.100
686 501 -54.570587541654241193 0.100
687 501 -45.163857900662911504 0.100
714 501 -8.637242534569530505 0.100
688 502 -54.570587541654241193 0.100
689 502 -45.163857900662911504 0.100
716 502 -8.637242534569530505 0.100
690 503 -54.570587541654241193 0.100
691 503 -45.163857900662911504 0.100
718 503 -8.637242534569530505 0.100
692 504 -54.570587541654241193 0.100
693 504 -45.163857900662911504 0.100
720 504 -8.637242534569530505 0.100
694 505 -54.570587541654241193 0.100
695 505 -45.163857900662911504 0.100
722 505 -8.637242534569530505 0.100
696 506 -54.570587541654241193 0.100
697 506 -45.163857900662911504 0.100
724 506 -8.637242534569530505 0.100
2 507 -2.564166302350561200 0.100
4 508 -2.564166302350561200 0.100
6 509 -2.564166302350561200 0.100
8 510 -2.564166302350561200 0.100
10 511 -2.564166302350561200 0.100
12 512 -2.564166302350561200 0.100
14 513 -2.564166302350561200 0.100
16 514 -2.564166302350561200 0.100
18 515 -2.564166302350561200 0.100
20 516 -2.564166302350561200 0.100
22 517 -2.564166302350561200 0.100
24 518 -2.564166302350561200 0.100
26 519 -2.564166302350561200 0.100
58 520 -2.564166302350561200 0.100
60 521 -2.564166302350561200 0.100
62 522 -2.564166302350561200 0.100
64 523 -2.564166302350561200 0.100
66 524 -2.564166302350561200 0.100
68 525 -2.564166302350561200 0.100
70 526 -2.564166302350561200 0.100
72 527 -2.564166302350561200 0.100
74 528 -2.564166302350561200 0.100
76 529 -2.564166302350561200 0.100
78 530 -2.564166302350561200 0.100
80 531 -2.564166302350561200 0.100
82 532 -2.564166302350561200 0.100
114 533 -2.564166302350561200 0.100
116 534 -2.564166302350561200 0.100
118 535 -2.564166302350561200 0.100
120 536 -2.564166302350561200 0.100
122 537 -2.564166302350561200 0.100
124 538 -2.564166302350561200 0.100
126 539 -2.564166302350561200 0.100
128 540 -2.564166302350561200 0.100
130 541 -2.564166302350561200 0.100
132 542 -2.564166302350561200 0.100
134 543 -2.564166302350561200 0.100
136 544 -2.564166302350561200 0.100
138 545 -2.564166302350561200 0.100
170 546 -2.564166302350561200 0.100
172 547 -2.564166302350561200 0.100
174 548 -2.564166302350561200 0.100
176 549 -2.564166302350561200 0.100
178 550 -2.564166302350561200 0.100
180 551 -2.564166302350561200 0.100
182 552 -2.564166302350561200 0.100
184 553 -2.564166302350561200 0.100
186 554 -2.564166302350561200 0.100
188 555 -2.564166302350561200 0.100
190 556 -2.564166302350561200 0.100
192 557 -2.564166302350561200 0.100
194 558 -2.564166302350561200 0.100
226 559 -2.564166302350561200 0.100
228 560 -2.564166302350561200 0.100
230 561 -2.564166302350561200 0.100
232 562 -2.564166302350561200 0.100
234 563 -2.564166302350561200 0.100
236 564 -2.564166302350561200 0.100
238 565 -2.564166302350561200 0.100
240 566 -2.564166302350561200 0.100
242 567 -2.564166302350561200 0.100
244 568 -2.564166302350561200 0.100
246 569 -2.564166302350561200 0.100
248 570 -2.564166302350561200 0.100
250 571 -2.564166302350561200 0.100
282 572 -2.564166302350561200 0.100
284 573 -2.564166302350561200 0.100
286 574 -2.564166302350561200 0.100
288 575 -2.564166302350561200 0.100
290 576 -2.564166302350561200 0.100
292 577 -2.564166302350561200 0.100
294 578 -2.564166302350561200 0.100
296 579 -2.564166302350561200 0.100
298 580 -2.564166302350561200 0.100
300 581 -2.564166302350561200 0.100
302 582 -2.564166302350561200 0.100
304 583 -2.564166302350561200 0.100
306 584 -2.564166302350561200 0.100
338 585 -2.564166302350561200 0.100
340 586 -2.564166302350561200 0.100
342 587 -2.564166302350561200 0.100
344 588 -2.564166302350561200 0.100
346 589 -2.564166302350561200 0.100
348 590 -2.564166302350561200 0.100
350 591 -2.564166302350561200 0.100
352 592 -2.564166302350561200 0.100
354 593 -2.564166302350561200 0.100
356 594 -2.564166302350561200 0.100
358 595 -2.564166302350561200 0.100
360 596 -2.564166302350561200 0.100
362 597 -2.564166302350561200 0.100
394 598 -2.564166302350561200 0.100
396 599 -2.564166302350561200 0.100
398 600 -2.564166302350561200 0.100
400 601 -2.564166302350561200 0.100
402 602 -2.564166302350561200 0.100
404 603 -2.564166302350561200 0.100
406 604 -2.564166302350561200 0.100
408 605 -2.564166302350561200 0.100
410 606 -2.564166302350561200 0.100
412 607 -2.564166302350561200 0.100
414 608 -2.564166302350561200 0.100
416 609 -2.564166302350561200 0.100
418 610 -2.564166302350561200 0.100
450 611 -2.564166302350561200 0.100
452 612 -2.564166302350561200 0.100
454 613 -2.564166302350561200 0.100
456 614 -2.564166302350561200 0.100
458 615 -2.564166302350561200 0.100
460 616 -2.564166302350561200 0.100
462 617 -2.564166302350561200 0.100
464 618 -2.564166302350561200 0.100
466 619 -2.564166302350561200 0.100
468 620 -2.564166302350561200 0.100
470 621 -2.564166302350561200 0.100
472 622 -2.564166302350561200 0.100
474 623 -2.564166302350561200 0.100
506 624 -2.564166302350561200 0.100
508 625 -2.564166302350561200 0.100
510 626 -2.564166302350561200 0.100
512 627 -2.564166302350561200 0.100
514 628 -2.564166302350561200 0.100
516 629 -2.564166302350561200 0.100
518 630 -2.564166302350561200 0.100
520 631 -2.564166302350561200 0.100
522 632 -2.564166302350561200 0.100
524 633 -2.564166302350561200 0.100
526 634 -2.564166302350561200 0.100
528 635 -2.564166302350561200 0.100
530 636 -2.564166302350561200 0.100
562 637 -2.564166302350561200 0.100
564 638 -2.564166302350561200 0.100
566 639 -2.564166302350561200 0.100
568 640 -2.564166302350561200 0.100
570 641 -2.564166302350561200 0.100
572 642 -2.564166302350561200 0.100
574 643 -2.564166302350561200 0.100
576 644 -2.564166302350561200 0.100
578 645 -2.564166302350561200 0.100
580 646 -2.564166302350561200 0.100
582 647 -2.564166302350561200 0.100
584 648 -2.564166302350561200 0.100
586 649 -2.564166302350561200 0.100
618 650 -2.564166302350561200 0.100
620 651 -2.564166302350561200 0.100
622 652 -2.564166302350561200 0.100
624 653 -2.564166302350561200 0.100
626 654 -2.564166302350561200 0.100
628 655 -2.564166302350561200 0.100
630 656 -2.564166302350561200 0.100
632 657 -2.564166302350561200 0.100
634 658 -2.564166302350561200 0.100
636 659 -2.564166302350561200 0.100
638 660 -2.564166302350561200 0.100
640 661 -2.564166302350561200 0.100
642 662 -2.564166302350561200 0.100
674 663 -2.564166302350561200 0.100
676 664 -2.564166302350561200 0.100
678 665 -2.564166302350561200 0.100
680 666 -2.564166302350561200 0.100
682 667 -2.564166302350561200 0.100
684 668 -2.564166302350561200 0.100
686 669 -2.564166302350561200 0.100
688 670 -2.564166302350561200 0.100
690 671 -2.564166302350561200 0.100
692 672 -2.564166302350561200 0.100
694 673 -2.564166302350561200 0.100
696 674 -2.564166302350561200 0.100
698 675 -2.564166302350561200 0.100
