# columns = ['i', 'j', 'weight', 'delay']
0 0 8.340826034545898438 0.100
0 5 0.149156093597412109 0.100
0 7 1.794545054435729980 0.100
0 8 6.325021743774414062 0.100
169 0 3.287578582763671875 0.100
169 5 4.727382183074951172 0.100
169 7 8.169227600097656250 0.100
169 9 6.400187492370605469 0.100
338 1 7.867630958557128906 0.100
338 2 4.947722434997558594 0.100
338 8 5.858808994293212891 0.100
507 0 8.152276039123535156 0.100
507 2 6.580600738525390625 0.100
507 4 7.738948345184326172 0.100
507 6 3.782987594604492188 0.100
507 7 6.710987567901611328 0.100
507 8 5.716331005096435547 0.100
1 1 5.529500007629394531 0.100
1 3 8.652276039123535156 0.100
1 4 4.127379417419433594 0.100
1 5 0.618824005126953125 0.100
1 6 3.855566740036010742 0.100
1 8 6.133994102478027344 0.100
170 1 7.908891201019287109 0.100
170 3 4.629757881164550781 0.100
170 5 0.003013236913830042 0.100
170 6 1.573732614517211914 0.100
170 7 5.554379463195800781 0.100
170 9 5.933181762695312500 0.100
339 0 4.655749797821044922 0.100
339 1 4.657495498657226562 0.100
339 3 1.070634603500366211 0.100
339 5 5.020113945007324219 0.100
339 6 10.363292694091796875 0.100
339 7 3.389303684234619141 0.100
339 8 2.287181854248046875 0.100
508 0 2.035084009170532227 0.100
508 1 0.337307721376419067 0.100
508 3 2.242124080657958984 0.100
508 4 1.551246285438537598 0.100
508 6 10.869686126708984375 0.100
508 7 4.263091087341308594 0.100
508 9 1.366614460945129395 0.100
2 1 1.204716801643371582 0.100
2 3 8.250526428222656250 0.100
2 7 6.348665714263916016 0.100
2 8 3.952645540237426758 0.100
171 0 4.427227020263671875 0.100
171 1 0.294596821069717407 0.100
171 6 6.124476432800292969 0.100
171 8 5.632977485656738281 0.100
171 9 2.805260419845581055 0.100
340 3 1.308873653411865234 0.100
340 5 0.709189414978027344 0.100
340 6 4.075970172882080078 0.100
340 9 4.560354232788085938 0.100
509 2 3.288758277893066406 0.100
509 6 6.759644985198974609 0.100
509 8 0.312509417533874512 0.100
3 0 1.939835429191589355 0.100
3 1 6.259902954101562500 0.100
3 3 6.275402545928955078 0.100
3 5 6.334163188934326172 0.100
172 3 0.856731057167053223 0.100
172 6 11.240607261657714844 0.100
172 9 1.138907909393310547 0.100
341 6 7.735917568206787109 0.100
510 0 0.439825057983398438 0.100
510 6 12.159047126770019531 0.100
4 2 3.194661617279052734 0.100
4 5 2.373640060424804688 0.100
4 7 3.110961198806762695 0.100
4 8 4.281483650207519531 0.100
4 9 5.434346675872802734 0.100
173 3 2.223374605178833008 0.100
173 6 3.824916362762451172 0.100
342 6 19.452959060668945312 0.100
511 6 4.285748481750488281 0.100
5 1 4.709147930145263672 0.100
5 3 3.585824728012084961 0.100
5 4 0.990047514438629150 0.100
5 6 0.475527226924896240 0.100
5 7 3.594278812408447266 0.100
5 9 6.380237102508544922 0.100
174 2 4.528877735137939453 0.100
174 3 0.897522807121276855 0.100
174 6 3.949143648147583008 0.100
343 1 1.661723136901855469 0.100
343 2 4.229281425476074219 0.100
343 6 19.194410324096679688 0.100
512 2 4.446211338043212891 0.100
512 3 1.713433504104614258 0.100
512 6 15.762928962707519531 0.100
6 0 0.291025370359420776 0.100
6 1 2.414042949676513672 0.100
6 2 2.961510419845581055 0.100
6 5 4.637105941772460938 0.100
6 6 6.677247524261474609 0.100
6 7 4.485980033874511719 0.100
6 8 5.109296321868896484 0.100
175 2 10.567954063415527344 0.100
175 6 1.445805549621582031 0.100
344 2 8.332575798034667969 0.100
344 6 9.229561805725097656 0.100
513 2 10.243127822875976562 0.100
513 6 16.226154327392578125 0.100
7 4 1.301959872245788574 0.100
7 6 2.274833440780639648 0.100
7 8 1.416720628738403320 0.100
176 6 6.294993877410888672 0.100
345 6 8.097002983093261719 0.100
514 1 4.020164489746093750 0.100
514 2 1.062861561775207520 0.100
514 6 14.234920501708984375 0.100
8 1 5.576348781585693359 0.100
8 2 2.038760423660278320 0.100
8 4 5.914684772491455078 0.100
8 5 7.659821987152099609 0.100
8 6 9.295185089111328125 0.100
8 8 2.505112171173095703 0.100
177 5 0.566462576389312744 0.100
177 6 5.362918376922607422 0.100
346 5 2.912623167037963867 0.100
346 6 2.545861005783081055 0.100
515 1 0.405331403017044067 0.100
515 2 4.128417015075683594 0.100
515 6 14.499380111694335938 0.100
9 1 1.752354502677917480 0.100
9 8 3.939171552658081055 0.100
178 6 11.395355224609375000 0.100
347 3 0.747830450534820557 0.100
347 6 6.793624877929687500 0.100
516 6 16.656650543212890625 0.100
10 2 3.153515100479125977 0.100
10 5 0.862065196037292480 0.100
10 6 1.597188591957092285 0.100
10 7 5.076587200164794922 0.100
10 8 8.395778656005859375 0.100
179 6 5.851092338562011719 0.100
179 7 0.592328727245330811 0.100
348 6 4.846552848815917969 0.100
517 6 21.625495910644531250 0.100
11 0 8.614827156066894531 0.100
11 3 2.784364938735961914 0.100
11 4 7.513248920440673828 0.100
11 6 0.355517357587814331 0.100
11 7 4.392362117767333984 0.100
11 9 6.062034130096435547 0.100
180 6 2.337027311325073242 0.100
180 7 3.628336668014526367 0.100
180 8 4.374100208282470703 0.100
180 9 2.891319990158081055 0.100
349 1 1.630546808242797852 0.100
349 6 4.905391693115234375 0.100
349 7 3.763036966323852539 0.100
349 9 4.071850776672363281 0.100
518 6 20.352758407592773438 0.100
12 2 4.490575313568115234 0.100
12 3 6.170630455017089844 0.100
12 4 4.703524112701416016 0.100
12 5 0.618919968605041504 0.100
181 0 0.779192090034484863 0.100
181 1 3.913089752197265625 0.100
181 2 7.282046318054199219 0.100
181 7 3.280362606048583984 0.100
181 9 6.825800895690917969 0.100
350 0 5.956390857696533203 0.100
350 1 1.971243619918823242 0.100
350 2 5.286506652832031250 0.100
350 8 1.698078751564025879 0.100
519 0 2.670686006546020508 0.100
519 2 8.971617698669433594 0.100
519 3 0.264435321092605591 0.100
13 0 0.123677745461463928 0.100
13 2 5.837126255035400391 0.100
13 4 5.643396377563476562 0.100
13 5 0.505688190460205078 0.100
13 7 2.020759105682373047 0.100
13 9 4.063169956207275391 0.100
182 0 6.039397239685058594 0.100
182 1 4.083171844482421875 0.100
182 5 6.138505935668945312 0.100
182 9 3.692408561706542969 0.100
351 1 6.930266857147216797 0.100
351 5 3.258517742156982422 0.100
351 7 2.902707576751708984 0.100
351 9 3.593354701995849609 0.100
520 1 7.206027984619140625 0.100
520 2 0.399369686841964722 0.100
520 3 2.667789459228515625 0.100
14 0 7.640674114227294922 0.100
14 2 1.214247345924377441 0.100
14 6 5.056225299835205078 0.100
183 0 5.794289588928222656 0.100
183 5 0.726515531539916992 0.100
183 6 6.687786579132080078 0.100
183 7 5.195952892303466797 0.100
352 0 2.005946636199951172 0.100
352 3 3.427373409271240234 0.100
352 9 3.104991197586059570 0.100
521 3 9.287408828735351562 0.100
521 4 4.733398437500000000 0.100
15 0 3.117256879806518555 0.100
15 3 0.683696806430816650 0.100
15 5 6.907537460327148438 0.100
15 6 6.733498573303222656 0.100
15 7 5.805468559265136719 0.100
15 9 6.673544883728027344 0.100
184 2 1.500433683395385742 0.100
184 3 13.400491714477539062 0.100
353 0 0.004875578451901674 0.100
353 3 1.949665665626525879 0.100
353 4 2.034982204437255859 0.100
522 2 2.571408271789550781 0.100
522 3 14.520364761352539062 0.100
522 6 1.112959265708923340 0.100
16 0 5.422293663024902344 0.100
16 3 4.421701908111572266 0.100
16 6 1.608858585357666016 0.100
16 8 1.774266481399536133 0.100
16 9 3.859670400619506836 0.100
185 2 14.741712570190429688 0.100
185 3 1.903318047523498535 0.100
185 6 10.172173500061035156 0.100
185 8 0.805303990840911865 0.100
354 2 12.302161216735839844 0.100
523 2 3.698727846145629883 0.100
523 3 7.583011627197265625 0.100
17 0 4.665044307708740234 0.100
17 2 1.303833723068237305 0.100
17 3 1.582019329071044922 0.100
17 5 0.563744962215423584 0.100
17 6 13.195577621459960938 0.100
17 7 0.408304005861282349 0.100
186 2 18.205833435058593750 0.100
186 3 1.518203616142272949 0.100
186 6 9.604768753051757812 0.100
355 2 3.727470636367797852 0.100
355 3 9.773350715637207031 0.100
355 6 4.934975147247314453 0.100
524 0 3.490721940994262695 0.100
524 1 0.028773132711648941 0.100
524 2 5.217050075531005859 0.100
524 3 16.330413818359375000 0.100
18 0 3.677256345748901367 0.100
18 2 4.778304100036621094 0.100
18 3 1.511072516441345215 0.100
187 1 4.688143730163574219 0.100
187 2 16.201059341430664062 0.100
187 3 7.916665554046630859 0.100
187 5 2.034767627716064453 0.100
356 0 2.915126562118530273 0.100
356 2 6.964000701904296875 0.100
356 3 11.402412414550781250 0.100
356 6 7.026765346527099609 0.100
525 1 4.391598701477050781 0.100
525 2 19.977231979370117188 0.100
525 3 13.629542350769042969 0.100
525 5 2.730448961257934570 0.100
525 8 6.385049819946289062 0.100
19 6 14.872972488403320312 0.100
188 1 0.915583312511444092 0.100
188 2 12.998681068420410156 0.100
188 3 2.256609201431274414 0.100
188 6 13.534748077392578125 0.100
357 2 10.410579681396484375 0.100
357 5 1.557103872299194336 0.100
357 6 6.085464000701904297 0.100
526 0 5.839185237884521484 0.100
526 1 12.452645301818847656 0.100
526 2 9.203084945678710938 0.100
526 3 14.001405715942382812 0.100
526 8 5.792478084564208984 0.100
20 1 3.496929883956909180 0.100
20 6 6.540116310119628906 0.100
189 0 3.663889169692993164 0.100
189 2 8.116948127746582031 0.100
189 3 9.138987541198730469 0.100
189 6 16.720344543457031250 0.100
358 2 11.386696815490722656 0.100
358 3 6.797711372375488281 0.100
527 1 11.726390838623046875 0.100
527 2 6.372591018676757812 0.100
527 3 12.098617553710937500 0.100
527 8 8.801625251770019531 0.100
21 6 23.101741790771484375 0.100
190 2 2.962004661560058594 0.100
190 3 3.652727127075195312 0.100
190 5 11.609115600585937500 0.100
190 6 15.183072090148925781 0.100
359 2 11.889460563659667969 0.100
359 3 9.234738349914550781 0.100
359 5 2.469010591506958008 0.100
359 6 2.818511486053466797 0.100
528 0 8.662903785705566406 0.100
528 2 13.674880027770996094 0.100
528 4 1.595244407653808594 0.100
528 5 12.995514869689941406 0.100
528 8 10.567149162292480469 0.100
22 1 2.632974386215209961 0.100
22 6 23.961046218872070312 0.100
191 6 19.004989624023437500 0.100
360 6 24.084899902343750000 0.100
529 1 9.083887100219726562 0.100
529 4 9.099707603454589844 0.100
529 5 10.040836334228515625 0.100
529 6 8.701512336730957031 0.100
529 8 2.278061866760253906 0.100
23 6 14.257768630981445312 0.100
23 8 1.255486726760864258 0.100
192 1 3.046849250793457031 0.100
192 6 17.476217269897460938 0.100
361 1 7.514882087707519531 0.100
361 4 7.725048065185546875 0.100
361 5 0.325468480587005615 0.100
361 6 10.501240730285644531 0.100
530 1 19.792324066162109375 0.100
530 6 14.821348190307617188 0.100
530 8 0.312753796577453613 0.100
24 5 6.117698669433593750 0.100
24 6 7.162163734436035156 0.100
193 4 9.503598213195800781 0.100
193 5 5.690751552581787109 0.100
193 6 9.510506629943847656 0.100
362 4 1.001425862312316895 0.100
362 6 6.879314422607421875 0.100
531 4 2.512468814849853516 0.100
531 6 0.421898424625396729 0.100
25 1 3.501312971115112305 0.100
25 2 10.205519676208496094 0.100
25 3 3.394227266311645508 0.100
25 4 2.551350355148315430 0.100
25 7 4.223197460174560547 0.100
25 8 3.452547311782836914 0.100
194 4 3.252331495285034180 0.100
194 5 3.737267732620239258 0.100
363 4 8.779668807983398438 0.100
363 5 3.722778558731079102 0.100
363 6 11.351035118103027344 0.100
532 4 10.638663291931152344 0.100
532 5 7.444079399108886719 0.100
532 6 1.451325058937072754 0.100
26 0 0.402057915925979614 0.100
26 1 2.063754320144653320 0.100
26 5 3.050098419189453125 0.100
26 8 6.550882816314697266 0.100
26 9 5.371322631835937500 0.100
195 2 4.086592197418212891 0.100
195 4 3.022825002670288086 0.100
195 7 3.171942949295043945 0.100
364 0 5.051171302795410156 0.100
364 3 1.024515271186828613 0.100
533 4 0.993807554244995117 0.100
533 6 2.331389188766479492 0.100
27 0 1.521999716758728027 0.100
27 2 1.171783804893493652 0.100
27 3 0.557647585868835449 0.100
27 5 2.626207351684570312 0.100
196 3 0.536159276962280273 0.100
196 7 5.272132873535156250 0.100
365 1 11.274996757507324219 0.100
365 3 3.638834714889526367 0.100
534 1 6.719384670257568359 0.100
534 2 2.468986749649047852 0.100
534 3 0.844730198383331299 0.100
534 7 1.214449524879455566 0.100
28 4 5.294947147369384766 0.100
28 6 6.287006855010986328 0.100
197 3 18.588872909545898438 0.100
197 4 9.307890892028808594 0.100
197 6 0.459683448076248169 0.100
366 2 10.314063072204589844 0.100
366 3 5.805577754974365234 0.100
366 4 2.952974796295166016 0.100
366 7 14.261551856994628906 0.100
535 2 3.911557912826538086 0.100
535 3 10.807065010070800781 0.100
535 4 13.017753601074218750 0.100
535 7 6.881371498107910156 0.100
29 2 18.224952697753906250 0.100
198 2 0.115584313869476318 0.100
198 3 15.513954162597656250 0.100
198 4 3.175356626510620117 0.100
367 3 13.805986404418945312 0.100
367 4 5.020164966583251953 0.100
536 2 1.233619093894958496 0.100
536 4 15.754235267639160156 0.100
536 7 18.643802642822265625 0.100
30 2 18.716812133789062500 0.100
30 3 5.749770164489746094 0.100
30 6 0.774349510669708252 0.100
199 2 6.341911315917968750 0.100
199 3 15.230200767517089844 0.100
368 2 11.437090873718261719 0.100
537 2 2.268619775772094727 0.100
537 3 0.436862379312515259 0.100
537 4 3.812256574630737305 0.100
537 5 2.301872014999389648 0.100
537 7 17.540616989135742188 0.100
31 2 23.053613662719726562 0.100
31 3 9.599752426147460938 0.100
31 6 3.813098192214965820 0.100
200 1 4.396153926849365234 0.100
200 2 12.455594062805175781 0.100
200 3 4.387275218963623047 0.100
200 8 1.318203687667846680 0.100
369 2 3.267445325851440430 0.100
369 3 0.478367537260055542 0.100
369 8 1.320832014083862305 0.100
538 2 8.283685684204101562 0.100
538 3 7.628832340240478516 0.100
538 5 2.372800350189208984 0.100
538 7 23.199010848999023438 0.100
538 9 3.958466529846191406 0.100
32 2 12.419111251831054688 0.100
32 3 8.027112007141113281 0.100
32 6 3.185499429702758789 0.100
32 8 5.410300254821777344 0.100
201 0 7.957792282104492188 0.100
201 1 6.109025001525878906 0.100
201 2 6.482335090637207031 0.100
201 3 7.576056003570556641 0.100
201 6 0.967982411384582520 0.100
201 8 2.783195495605468750 0.100
370 0 4.636520862579345703 0.100
370 1 8.284298896789550781 0.100
370 2 10.218438148498535156 0.100
370 3 10.613668441772460938 0.100
370 5 6.855127334594726562 0.100
370 8 2.837703704833984375 0.100
539 2 8.965410232543945312 0.100
539 3 1.796210050582885742 0.100
539 5 6.210578918457031250 0.100
539 7 6.786089897155761719 0.100
539 9 20.287815093994140625 0.100
33 6 15.331774711608886719 0.100
33 8 9.073883056640625000 0.100
202 0 3.353633165359497070 0.100
202 1 4.444570064544677734 0.100
202 2 4.902422904968261719 0.100
202 8 4.231917858123779297 0.100
371 0 5.995257377624511719 0.100
371 1 0.136874467134475708 0.100
371 2 17.887908935546875000 0.100
371 3 0.951303958892822266 0.100
371 8 9.002641677856445312 0.100
540 0 1.924936294555664062 0.100
540 3 4.490080833435058594 0.100
540 7 3.874107837677001953 0.100
540 9 29.831966400146484375 0.100
34 5 13.961421966552734375 0.100
34 6 25.053087234497070312 0.100
203 0 8.557393074035644531 0.100
203 2 0.189413174986839294 0.100
203 6 2.709548950195312500 0.100
203 8 5.795271396636962891 0.100
372 0 11.568169593811035156 0.100
372 2 12.170409202575683594 0.100
372 3 6.457540035247802734 0.100
372 5 3.478121042251586914 0.100
372 8 11.401232719421386719 0.100
541 0 13.179080963134765625 0.100
541 2 4.110593795776367188 0.100
541 5 3.808667182922363281 0.100
541 7 0.096262156963348389 0.100
541 9 27.936218261718750000 0.100
35 5 22.732572555541992188 0.100
35 6 17.976289749145507812 0.100
204 0 0.328169673681259155 0.100
204 1 6.252787113189697266 0.100
204 4 10.227348327636718750 0.100
204 5 9.995404243469238281 0.100
204 6 17.387273788452148438 0.100
373 0 2.418003320693969727 0.100
373 1 4.014027595520019531 0.100
373 2 11.934589385986328125 0.100
373 4 3.000094413757324219 0.100
373 8 11.007814407348632812 0.100
542 0 2.427001237869262695 0.100
542 5 5.334451675415039062 0.100
542 7 0.650094151496887207 0.100
542 9 22.170652389526367188 0.100
36 5 18.433086395263671875 0.100
36 6 21.183160781860351562 0.100
205 1 5.271667003631591797 0.100
205 4 5.100294589996337891 0.100
205 6 0.304708361625671387 0.100
374 1 5.317493438720703125 0.100
374 4 8.058763504028320312 0.100
374 6 8.563479423522949219 0.100
37 5 12.976744651794433594 0.100
37 6 7.494115352630615234 0.100
206 4 16.153133392333984375 0.100
206 5 14.368837356567382812 0.100
206 6 6.134403228759765625 0.100
375 1 8.826499938964843750 0.100
375 4 12.624951362609863281 0.100
375 5 9.329984664916992188 0.100
375 6 2.389487504959106445 0.100
544 4 20.350290298461914062 0.100
544 5 4.415739059448242188 0.100
38 4 4.444078445434570312 0.100
38 5 2.446414709091186523 0.100
38 6 0.230001136660575867 0.100
207 4 12.668272972106933594 0.100
207 5 12.697430610656738281 0.100
207 6 0.434770524501800537 0.100
376 4 2.154451131820678711 0.100
376 5 13.019881248474121094 0.100
376 6 2.597137689590454102 0.100
376 8 0.315169245004653931 0.100
545 4 11.018446922302246094 0.100
545 5 12.914642333984375000 0.100
545 8 3.438194751739501953 0.100
39 1 2.418409585952758789 0.100
39 3 0.231757059693336487 0.100
39 4 5.046785354614257812 0.100
39 6 1.027024030685424805 0.100
39 7 3.221999168395996094 0.100
208 0 2.737298727035522461 0.100
208 2 5.653923511505126953 0.100
208 4 1.560732603073120117 0.100
208 7 14.986810684204101562 0.100
377 0 4.313129425048828125 0.100
377 7 16.658060073852539062 0.100
40 1 13.459724426269531250 0.100
40 3 9.615403175354003906 0.100
40 7 0.208576425909996033 0.100
209 7 4.757627964019775391 0.100
378 2 6.169417381286621094 0.100
378 3 13.335041046142578125 0.100
378 7 7.566797733306884766 0.100
547 3 9.751992225646972656 0.100
547 7 13.386991500854492188 0.100
547 8 0.354533702135086060 0.100
41 2 4.092105388641357422 0.100
41 3 18.714426040649414062 0.100
41 7 10.696795463562011719 0.100
210 2 0.618942499160766602 0.100
210 3 13.659621238708496094 0.100
210 7 7.306440830230712891 0.100
379 2 8.372185707092285156 0.100
379 3 12.581617355346679688 0.100
379 7 3.840002775192260742 0.100
548 2 1.165783405303955078 0.100
548 3 7.326219081878662109 0.100
548 7 16.459835052490234375 0.100
42 2 21.966438293457031250 0.100
42 3 8.878314971923828125 0.100
42 7 4.378560543060302734 0.100
211 2 0.224216982722282410 0.100
211 5 0.140006065368652344 0.100
211 7 17.068412780761718750 0.100
211 8 2.510734558105468750 0.100
380 0 0.358932971954345703 0.100
380 2 9.254042625427246094 0.100
380 3 12.442747116088867188 0.100
380 4 3.663452863693237305 0.100
380 5 3.604618310928344727 0.100
380 6 0.571692883968353271 0.100
380 7 11.644857406616210938 0.100
549 2 1.757587432861328125 0.100
549 3 13.504097938537597656 0.100
549 7 18.711866378784179688 0.100
43 2 9.067337036132812500 0.100
43 3 21.337682723999023438 0.100
43 7 1.184080243110656738 0.100
212 0 3.244438648223876953 0.100
212 2 0.808557271957397461 0.100
212 3 5.936374187469482422 0.100
212 5 2.512551069259643555 0.100
212 7 16.005916595458984375 0.100
212 8 3.946981906890869141 0.100
381 0 5.130453109741210938 0.100
381 2 12.555508613586425781 0.100
381 4 2.620684623718261719 0.100
381 7 19.479410171508789062 0.100
550 2 13.734564781188964844 0.100
550 3 11.540692329406738281 0.100
550 7 9.363161087036132812 0.100
44 2 9.557277679443359375 0.100
44 3 9.959911346435546875 0.100
44 7 1.943506002426147461 0.100
213 0 3.800993680953979492 0.100
213 2 7.683931350708007812 0.100
213 3 3.075774908065795898 0.100
213 5 7.573142528533935547 0.100
213 7 8.916248321533203125 0.100
213 8 3.743558645248413086 0.100
382 0 7.429284095764160156 0.100
382 3 10.699079513549804688 0.100
382 5 7.185992717742919922 0.100
382 7 13.360455513000488281 0.100
382 8 6.542194366455078125 0.100
551 2 14.015953063964843750 0.100
551 3 1.405000448226928711 0.100
551 7 17.131328582763671875 0.100
45 2 8.638431549072265625 0.100
45 6 2.054704666137695312 0.100
45 8 16.866247177124023438 0.100
45 9 29.957790374755859375 0.100
214 0 7.592222213745117188 0.100
214 1 6.667523860931396484 0.100
214 2 4.254657745361328125 0.100
214 3 7.903293132781982422 0.100
214 8 8.024090766906738281 0.100
214 9 10.651607513427734375 0.100
383 0 2.904764890670776367 0.100
383 2 5.557491302490234375 0.100
383 7 6.185061454772949219 0.100
383 8 4.053371906280517578 0.100
383 9 17.115041732788085938 0.100
552 2 10.420310974121093750 0.100
552 7 18.028785705566406250 0.100
552 9 17.874309539794921875 0.100
46 5 22.816028594970703125 0.100
46 6 12.116043090820312500 0.100
46 8 12.651887893676757812 0.100
46 9 12.476251602172851562 0.100
215 0 7.502130985260009766 0.100
215 1 1.596703767776489258 0.100
215 2 1.040133476257324219 0.100
215 3 13.672322273254394531 0.100
215 7 2.922214984893798828 0.100
215 8 2.607130527496337891 0.100
215 9 21.679141998291015625 0.100
384 0 11.596015930175781250 0.100
384 2 4.996704578399658203 0.100
384 3 0.459886431694030762 0.100
384 7 5.066246509552001953 0.100
384 9 12.705535888671875000 0.100
553 2 9.862960815429687500 0.100
553 5 6.068839073181152344 0.100
553 7 17.524456024169921875 0.100
553 9 15.604825019836425781 0.100
47 5 24.918462753295898438 0.100
47 6 13.903661727905273438 0.100
47 8 1.640888929367065430 0.100
47 9 3.845326423645019531 0.100
216 0 15.699183464050292969 0.100
216 2 5.550928592681884766 0.100
216 3 9.009724617004394531 0.100
216 5 0.101728521287441254 0.100
216 7 6.121225833892822266 0.100
216 9 3.336449384689331055 0.100
385 0 9.017129898071289062 0.100
385 1 3.729960203170776367 0.100
385 2 3.756933689117431641 0.100
385 3 4.635653972625732422 0.100
385 7 13.400033950805664062 0.100
385 8 5.391880989074707031 0.100
385 9 8.540994644165039062 0.100
554 0 12.801583290100097656 0.100
554 5 16.597049713134765625 0.100
554 7 18.881282806396484375 0.100
554 9 18.095378875732421875 0.100
48 4 4.236135959625244141 0.100
48 5 39.184257507324218750 0.100
48 6 19.521759033203125000 0.100
217 0 15.061772346496582031 0.100
217 1 5.289266109466552734 0.100
217 2 11.002936363220214844 0.100
217 3 2.586398839950561523 0.100
217 4 2.122652769088745117 0.100
217 5 5.171631813049316406 0.100
217 8 6.891258239746093750 0.100
386 0 3.909437894821166992 0.100
386 3 5.506439685821533203 0.100
386 5 1.618146061897277832 0.100
386 7 0.040306344628334045 0.100
555 5 24.700082778930664062 0.100
555 7 19.109842300415039062 0.100
555 9 0.248146578669548035 0.100
49 1 1.727757215499877930 0.100
49 4 8.365616798400878906 0.100
49 5 37.839168548583984375 0.100
49 6 23.192642211914062500 0.100
218 0 8.949584007263183594 0.100
218 1 5.588437557220458984 0.100
218 4 0.363976925611495972 0.100
218 5 2.622007846832275391 0.100
218 8 4.021195888519287109 0.100
387 0 8.169145584106445312 0.100
387 1 8.153264999389648438 0.100
387 2 3.972813129425048828 0.100
387 4 0.442972421646118164 0.100
387 5 4.536601543426513672 0.100
387 8 12.339118003845214844 0.100
556 5 29.306129455566406250 0.100
556 7 3.150525331497192383 0.100
556 8 4.065756797790527344 0.100
50 1 13.101738929748535156 0.100
50 4 14.650234222412109375 0.100
50 5 19.930772781372070312 0.100
50 6 13.826262474060058594 0.100
219 0 4.731755733489990234 0.100
219 4 7.114927768707275391 0.100
219 5 21.298175811767578125 0.100
219 8 9.080904960632324219 0.100
388 4 7.334857463836669922 0.100
388 5 15.271226882934570312 0.100
388 8 6.546725273132324219 0.100
557 5 34.087741851806640625 0.100
557 8 0.964821219444274902 0.100
51 4 7.406189918518066406 0.100
51 5 19.892362594604492188 0.100
220 5 15.719164848327636719 0.100
389 4 8.639178276062011719 0.100
389 5 11.543618202209472656 0.100
389 8 4.745001316070556641 0.100
558 5 27.985860824584960938 0.100
52 0 2.608677148818969727 0.100
52 1 3.207637310028076172 0.100
52 2 1.941038846969604492 0.100
52 7 15.974054336547851562 0.100
221 0 3.929995775222778320 0.100
221 2 3.510030508041381836 0.100
221 3 0.579790294170379639 0.100
221 7 6.149260044097900391 0.100
390 2 4.592839241027832031 0.100
390 6 2.684666395187377930 0.100
390 7 2.076318025588989258 0.100
559 3 3.109365463256835938 0.100
559 6 2.378100395202636719 0.100
559 7 8.384336471557617188 0.100
53 1 1.314546227455139160 0.100
53 3 0.662932932376861572 0.100
53 7 18.801008224487304688 0.100
222 3 5.726259231567382812 0.100
222 7 12.135570526123046875 0.100
391 3 10.771912574768066406 0.100
391 7 16.310256958007812500 0.100
560 2 1.906107068061828613 0.100
560 3 6.472691535949707031 0.100
560 7 22.260538101196289062 0.100
54 2 17.455577850341796875 0.100
54 3 9.671631813049316406 0.100
54 7 0.433287888765335083 0.100
223 7 10.592144012451171875 0.100
223 8 10.550385475158691406 0.100
392 3 7.277360916137695312 0.100
392 4 0.113571494817733765 0.100
392 7 5.185741424560546875 0.100
561 2 5.044051170349121094 0.100
561 3 10.519962310791015625 0.100
561 7 7.594468593597412109 0.100
561 9 6.760490894317626953 0.100
55 2 12.785818099975585938 0.100
55 3 11.065367698669433594 0.100
55 7 14.595904350280761719 0.100
224 3 1.894333600997924805 0.100
224 5 5.217031955718994141 0.100
224 8 16.905031204223632812 0.100
393 7 9.559825897216796875 0.100
393 8 3.475400686264038086 0.100
562 2 19.195661544799804688 0.100
562 3 17.071222305297851562 0.100
562 7 13.209118843078613281 0.100
562 8 0.843225121498107910 0.100
56 2 21.904342651367187500 0.100
56 3 19.680070877075195312 0.100
56 7 9.532641410827636719 0.100
225 4 4.004436969757080078 0.100
225 5 9.019566535949707031 0.100
225 7 5.846793174743652344 0.100
225 8 14.795827865600585938 0.100
225 9 7.947557449340820312 0.100
394 5 7.625966072082519531 0.100
394 7 6.981736183166503906 0.100
394 8 4.268534660339355469 0.100
563 2 17.588733673095703125 0.100
563 3 14.756257057189941406 0.100
563 7 12.157942771911621094 0.100
563 8 3.727428436279296875 0.100
563 9 0.693962037563323975 0.100
57 2 10.954114913940429688 0.100
57 3 34.349609375000000000 0.100
57 7 11.999696731567382812 0.100
57 9 11.062623977661132812 0.100
226 0 6.268386363983154297 0.100
226 2 3.713761806488037109 0.100
226 5 9.754889488220214844 0.100
226 7 2.536422729492187500 0.100
226 8 6.665748119354248047 0.100
226 9 9.124961853027343750 0.100
395 0 1.022379994392395020 0.100
395 4 4.565609455108642578 0.100
395 5 7.212573051452636719 0.100
395 7 12.324737548828125000 0.100
395 8 5.252051830291748047 0.100
395 9 8.535088539123535156 0.100
564 3 17.675640106201171875 0.100
564 7 14.141829490661621094 0.100
564 8 4.705603599548339844 0.100
564 9 0.071187891066074371 0.100
58 2 2.740849256515502930 0.100
58 3 17.449075698852539062 0.100
58 5 4.678103446960449219 0.100
58 6 7.315155506134033203 0.100
58 7 8.818461418151855469 0.100
58 9 12.756726264953613281 0.100
227 0 7.820411205291748047 0.100
227 1 11.699006080627441406 0.100
227 3 2.461856126785278320 0.100
227 5 5.327586174011230469 0.100
227 7 17.067588806152343750 0.100
227 9 0.951561152935028076 0.100
396 0 6.211960792541503906 0.100
396 1 9.553822517395019531 0.100
396 7 13.837174415588378906 0.100
396 8 1.290394425392150879 0.100
396 9 4.094550132751464844 0.100
565 3 6.452287673950195312 0.100
565 5 7.548100471496582031 0.100
565 7 16.534198760986328125 0.100
565 8 4.962630271911621094 0.100
59 3 8.644137382507324219 0.100
59 5 15.891798019409179688 0.100
59 6 16.902963638305664062 0.100
59 9 21.873172760009765625 0.100
228 0 12.611917495727539062 0.100
228 1 12.922694206237792969 0.100
228 3 11.976755142211914062 0.100
228 7 9.296831130981445312 0.100
228 9 9.968983650207519531 0.100
397 0 2.230211734771728516 0.100
397 1 15.384342193603515625 0.100
397 2 1.890460968017578125 0.100
397 3 6.619287967681884766 0.100
397 7 9.852428436279296875 0.100
397 9 1.429636836051940918 0.100
566 1 24.395605087280273438 0.100
566 5 33.751033782958984375 0.100
566 7 20.637971878051757812 0.100
60 5 16.921432495117187500 0.100
60 6 16.846286773681640625 0.100
60 9 13.748586654663085938 0.100
229 0 14.223366737365722656 0.100
229 2 6.510501384735107422 0.100
229 3 0.144600480794906616 0.100
229 4 6.944806575775146484 0.100
229 7 17.994850158691406250 0.100
229 9 10.597990989685058594 0.100
398 0 5.351633548736572266 0.100
398 1 5.791669845581054688 0.100
398 3 9.248179435729980469 0.100
398 7 23.014968872070312500 0.100
567 5 28.199659347534179688 0.100
567 6 9.969214439392089844 0.100
567 7 19.125570297241210938 0.100
567 9 3.659460067749023438 0.100
61 1 2.180320024490356445 0.100
61 5 23.602815628051757812 0.100
61 8 7.096225261688232422 0.100
230 0 6.572781085968017578 0.100
230 3 4.693582057952880859 0.100
230 4 0.988348603248596191 0.100
230 7 7.289743900299072266 0.100
230 8 10.653120994567871094 0.100
399 0 16.661012649536132812 0.100
399 2 3.425250530242919922 0.100
399 3 10.651229858398437500 0.100
399 4 0.126609280705451965 0.100
399 7 12.790067672729492188 0.100
399 9 9.690885543823242188 0.100
568 5 27.166944503784179688 0.100
568 6 14.113460540771484375 0.100
568 7 0.516286075115203857 0.100
568 8 5.933275699615478516 0.100
568 9 15.569958686828613281 0.100
62 1 4.517306327819824219 0.100
62 5 30.172832489013671875 0.100
62 6 0.982448458671569824 0.100
62 8 1.878678798675537109 0.100
231 0 12.273901939392089844 0.100
231 3 3.942994117736816406 0.100
231 5 6.332762718200683594 0.100
231 8 1.614864230155944824 0.100
400 0 6.408814907073974609 0.100
400 2 1.199113488197326660 0.100
400 3 6.426949977874755859 0.100
400 4 2.514441013336181641 0.100
400 7 9.907571792602539062 0.100
400 8 8.332826614379882812 0.100
569 5 25.702499389648437500 0.100
569 6 14.626531600952148438 0.100
569 8 9.221824645996093750 0.100
63 1 4.372706890106201172 0.100
63 4 0.281708747148513794 0.100
63 5 24.264549255371093750 0.100
232 0 11.578595161437988281 0.100
232 5 11.329875946044921875 0.100
232 8 8.072356224060058594 0.100
401 0 6.666960239410400391 0.100
401 5 13.424466133117675781 0.100
401 7 3.474623918533325195 0.100
401 8 4.867411136627197266 0.100
570 5 22.638669967651367188 0.100
570 6 9.938287734985351562 0.100
64 4 1.967578887939453125 0.100
64 5 30.477249145507812500 0.100
233 5 31.728385925292968750 0.100
402 4 2.705020427703857422 0.100
402 5 19.900537490844726562 0.100
402 8 5.175822734832763672 0.100
571 5 34.921447753906250000 0.100
65 1 6.121426105499267578 0.100
65 2 5.024651527404785156 0.100
65 7 13.543933868408203125 0.100
234 2 5.781384944915771484 0.100
234 7 7.501778602600097656 0.100
403 2 4.452596187591552734 0.100
403 3 2.085243701934814453 0.100
403 7 12.933699607849121094 0.100
572 7 17.959281921386718750 0.100
66 2 10.413389205932617188 0.100
66 3 10.159748077392578125 0.100
66 7 12.774337768554687500 0.100
235 2 3.008706092834472656 0.100
235 7 7.696043014526367188 0.100
404 7 12.364849090576171875 0.100
573 7 6.747620582580566406 0.100
573 9 4.061261177062988281 0.100
67 2 23.440908432006835938 0.100
67 3 22.251819610595703125 0.100
67 7 6.220596790313720703 0.100
236 0 3.914862155914306641 0.100
236 5 5.451456069946289062 0.100
236 6 3.058459043502807617 0.100
236 8 5.413290023803710938 0.100
236 9 8.356046676635742188 0.100
405 0 3.612047672271728516 0.100
405 7 6.561985969543457031 0.100
405 9 14.404085159301757812 0.100
574 1 5.560029983520507812 0.100
574 2 6.928065299987792969 0.100
574 7 14.879135131835937500 0.100
574 9 0.878545701503753662 0.100
68 2 17.850860595703125000 0.100
68 3 18.847301483154296875 0.100
237 5 8.063084602355957031 0.100
237 6 2.673288822174072266 0.100
237 7 3.523746728897094727 0.100
237 8 11.913758277893066406 0.100
237 9 6.795850276947021484 0.100
406 0 1.382745862007141113 0.100
406 1 4.146446704864501953 0.100
406 5 13.663994789123535156 0.100
406 7 3.589176654815673828 0.100
406 8 15.895336151123046875 0.100
406 9 8.861201286315917969 0.100
575 2 10.595958709716796875 0.100
575 3 10.721438407897949219 0.100
575 7 14.358977317810058594 0.100
69 2 15.201025962829589844 0.100
69 3 18.399715423583984375 0.100
69 7 7.289793014526367188 0.100
238 0 5.016368389129638672 0.100
238 4 6.531394481658935547 0.100
238 5 3.371381759643554688 0.100
238 6 1.682220578193664551 0.100
238 7 10.052476882934570312 0.100
238 8 13.668003082275390625 0.100
238 9 9.273305892944335938 0.100
407 4 8.516185760498046875 0.100
407 5 2.346994400024414062 0.100
407 6 6.568844318389892578 0.100
407 8 4.767489433288574219 0.100
407 9 19.303876876831054688 0.100
576 2 13.043584823608398438 0.100
576 3 21.637849807739257812 0.100
576 4 6.884110927581787109 0.100
576 7 3.667969942092895508 0.100
70 2 29.715435028076171875 0.100
70 3 18.917461395263671875 0.100
70 7 8.084019660949707031 0.100
239 4 11.291253089904785156 0.100
239 5 12.144789695739746094 0.100
239 6 0.898522138595581055 0.100
239 8 10.984312057495117188 0.100
239 9 2.428815603256225586 0.100
408 0 7.234283924102783203 0.100
408 4 25.161226272583007812 0.100
408 5 19.541732788085937500 0.100
408 6 7.554382801055908203 0.100
408 7 2.981134891510009766 0.100
408 8 11.941344261169433594 0.100
408 9 4.120079994201660156 0.100
577 3 23.722904205322265625 0.100
577 4 5.596640110015869141 0.100
577 8 3.160246133804321289 0.100
71 0 10.643427848815917969 0.100
71 2 10.895629882812500000 0.100
71 3 7.005311012268066406 0.100
71 5 1.757400035858154297 0.100
71 7 26.901136398315429688 0.100
71 9 2.301908731460571289 0.100
240 0 1.080265641212463379 0.100
240 1 11.044735908508300781 0.100
240 6 1.832297682762145996 0.100
240 7 3.407162666320800781 0.100
409 0 4.797029972076416016 0.100
409 1 14.121386528015136719 0.100
409 3 10.449023246765136719 0.100
409 5 14.281716346740722656 0.100
409 6 3.364274263381958008 0.100
409 8 12.365722656250000000 0.100
578 3 16.557849884033203125 0.100
578 4 0.793966472148895264 0.100
578 5 32.156505584716796875 0.100
578 8 9.451581954956054688 0.100
578 9 10.289133071899414062 0.100
72 0 11.340081214904785156 0.100
72 2 6.241748809814453125 0.100
72 3 9.340982437133789062 0.100
72 5 19.813737869262695312 0.100
72 6 11.781573295593261719 0.100
72 7 15.153409957885742188 0.100
241 1 28.306274414062500000 0.100
241 3 8.780028343200683594 0.100
241 4 6.095582485198974609 0.100
241 7 9.067230224609375000 0.100
241 9 0.934387326240539551 0.100
410 1 22.417541503906250000 0.100
410 3 8.288810729980468750 0.100
410 7 6.602409839630126953 0.100
410 9 9.949910163879394531 0.100
579 1 6.317986011505126953 0.100
579 5 27.223215103149414062 0.100
579 6 2.920215368270874023 0.100
579 8 0.567248046398162842 0.100
579 9 14.856261253356933594 0.100
73 3 2.020358085632324219 0.100
73 5 15.545735359191894531 0.100
73 7 9.565482139587402344 0.100
73 8 6.300661563873291016 0.100
242 3 9.127535820007324219 0.100
242 4 14.081093788146972656 0.100
242 7 15.016101837158203125 0.100
242 8 3.462593317031860352 0.100
242 9 3.177316427230834961 0.100
411 2 0.458570897579193115 0.100
411 3 11.341798782348632812 0.100
411 4 14.530161857604980469 0.100
411 7 18.929595947265625000 0.100
411 8 0.422858566045761108 0.100
411 9 6.248354911804199219 0.100
580 5 35.604171752929687500 0.100
580 6 26.897647857666015625 0.100
580 9 15.861736297607421875 0.100
74 3 3.866561412811279297 0.100
74 5 11.972969055175781250 0.100
74 7 5.999339103698730469 0.100
74 8 17.497344970703125000 0.100
243 0 12.913164138793945312 0.100
243 4 1.992320299148559570 0.100
243 7 4.033884048461914062 0.100
243 8 2.281174898147583008 0.100
243 9 4.551447391510009766 0.100
412 0 1.893092632293701172 0.100
412 4 4.856147289276123047 0.100
412 7 7.352704524993896484 0.100
412 9 17.572784423828125000 0.100
581 5 32.341041564941406250 0.100
581 6 22.573118209838867188 0.100
581 9 2.461433887481689453 0.100
75 3 23.174118041992187500 0.100
75 5 17.692800521850585938 0.100
75 7 9.220248222351074219 0.100
75 8 13.938097953796386719 0.100
244 0 8.605083465576171875 0.100
244 8 1.536746144294738770 0.100
413 0 12.422909736633300781 0.100
413 2 6.144969463348388672 0.100
413 3 0.205855056643486023 0.100
413 7 7.735459804534912109 0.100
413 8 12.660915374755859375 0.100
413 9 15.550090789794921875 0.100
582 5 16.663835525512695312 0.100
582 6 23.270788192749023438 0.100
582 8 5.628196716308593750 0.100
76 3 10.634180068969726562 0.100
76 5 28.961017608642578125 0.100
76 8 12.225730895996093750 0.100
245 0 11.846632003784179688 0.100
245 5 10.265426635742187500 0.100
245 6 2.876377105712890625 0.100
245 8 7.523212909698486328 0.100
414 0 13.870556831359863281 0.100
414 6 3.655135154724121094 0.100
414 8 6.757753372192382812 0.100
414 9 0.567229628562927246 0.100
583 5 7.663868427276611328 0.100
583 6 14.478235244750976562 0.100
583 8 2.322954416275024414 0.100
77 5 28.814378738403320312 0.100
246 5 19.060535430908203125 0.100
415 0 10.237755775451660156 0.100
415 5 22.750162124633789062 0.100
415 8 0.560464680194854736 0.100
584 2 5.355763435363769531 0.100
584 6 6.178916454315185547 0.100
78 1 3.013675928115844727 0.100
78 2 3.145519971847534180 0.100
78 7 15.048160552978515625 0.100
247 7 7.609047412872314453 0.100
416 1 1.578129291534423828 0.100
416 6 0.854101717472076416 0.100
416 7 8.047201156616210938 0.100
585 3 12.051974296569824219 0.100
79 1 2.809666395187377930 0.100
79 2 1.006574869155883789 0.100
79 7 23.547544479370117188 0.100
79 8 2.394838094711303711 0.100
248 4 0.704872548580169678 0.100
248 7 17.548206329345703125 0.100
417 1 3.346501827239990234 0.100
417 7 7.012636661529541016 0.100
417 8 1.198201179504394531 0.100
417 9 8.106559753417968750 0.100
586 1 9.263300895690917969 0.100
586 2 12.198030471801757812 0.100
586 3 14.605413436889648438 0.100
586 4 7.734827518463134766 0.100
586 7 2.418052911758422852 0.100
80 2 18.133314132690429688 0.100
80 3 4.312653064727783203 0.100
80 7 0.210324808955192566 0.100
249 0 4.999849796295166016 0.100
249 7 1.570205211639404297 0.100
249 9 17.447341918945312500 0.100
418 0 10.211594581604003906 0.100
418 4 10.597487449645996094 0.100
418 6 1.152537465095520020 0.100
418 9 5.125039577484130859 0.100
587 2 28.167291641235351562 0.100
587 3 12.295977592468261719 0.100
587 7 13.212883949279785156 0.100
81 2 20.031602859497070312 0.100
81 3 1.638098597526550293 0.100
81 7 11.326115608215332031 0.100
250 0 2.143910884857177734 0.100
250 4 12.422608375549316406 0.100
250 5 5.143098831176757812 0.100
250 9 17.023378372192382812 0.100
419 0 2.574705600738525391 0.100
419 4 15.373660087585449219 0.100
419 5 3.643361568450927734 0.100
419 6 8.103346824645996094 0.100
419 8 1.147480249404907227 0.100
419 9 9.175592422485351562 0.100
588 0 0.581505179405212402 0.100
588 2 32.166149139404296875 0.100
588 3 1.573731422424316406 0.100
588 7 9.470171928405761719 0.100
82 2 7.251788616180419922 0.100
82 7 23.464040756225585938 0.100
251 0 4.820254802703857422 0.100
251 4 18.761957168579101562 0.100
251 5 10.422071456909179688 0.100
251 6 1.121570348739624023 0.100
251 9 8.386157035827636719 0.100
420 0 16.309120178222656250 0.100
420 4 18.044994354248046875 0.100
420 5 3.814907789230346680 0.100
420 6 4.431622028350830078 0.100
420 9 5.259864807128906250 0.100
589 2 36.962802886962890625 0.100
589 3 12.530924797058105469 0.100
589 7 0.044014755636453629 0.100
589 8 2.602562189102172852 0.100
83 1 10.535926818847656250 0.100
83 3 9.773092269897460938 0.100
83 4 5.671962738037109375 0.100
83 7 19.261323928833007812 0.100
252 0 4.676123142242431641 0.100
252 3 8.591248512268066406 0.100
252 4 19.443111419677734375 0.100
252 5 13.021261215209960938 0.100
252 6 13.465837478637695312 0.100
252 8 3.408270597457885742 0.100
421 0 2.872853517532348633 0.100
421 4 22.078802108764648438 0.100
421 5 18.253551483154296875 0.100
421 6 15.179515838623046875 0.100
421 8 9.100880622863769531 0.100
590 2 35.254158020019531250 0.100
590 3 6.672457218170166016 0.100
590 8 10.070020675659179688 0.100
84 0 5.925055503845214844 0.100
84 3 9.264220237731933594 0.100
84 4 12.461063385009765625 0.100
84 5 10.459727287292480469 0.100
84 7 0.733632147312164307 0.100
84 9 7.663866043090820312 0.100
253 1 27.487688064575195312 0.100
253 3 14.795549392700195312 0.100
253 8 17.256334304809570312 0.100
253 9 1.062299370765686035 0.100
422 1 18.933900833129882812 0.100
422 5 13.439778327941894531 0.100
422 8 15.114838600158691406 0.100
422 9 0.886107802391052246 0.100
591 2 25.730035781860351562 0.100
591 4 8.149286270141601562 0.100
591 5 19.849613189697265625 0.100
85 1 26.774759292602539062 0.100
85 3 11.183001518249511719 0.100
85 5 26.690185546875000000 0.100
85 6 7.230917453765869141 0.100
254 1 23.009243011474609375 0.100
254 3 8.474761009216308594 0.100
254 4 3.500432252883911133 0.100
254 7 8.168092727661132812 0.100
254 9 6.189664840698242188 0.100
423 1 29.708087921142578125 0.100
423 3 10.318736076354980469 0.100
423 4 13.819876670837402344 0.100
423 6 1.010709881782531738 0.100
423 8 5.908022403717041016 0.100
423 9 9.162219047546386719 0.100
592 2 12.914017677307128906 0.100
592 3 3.006495475769042969 0.100
592 5 33.949714660644531250 0.100
592 6 10.561650276184082031 0.100
592 9 6.063395977020263672 0.100
86 1 6.621833324432373047 0.100
86 2 5.673355102539062500 0.100
86 3 7.684073448181152344 0.100
86 6 4.308388233184814453 0.100
86 7 10.871567726135253906 0.100
86 8 10.049678802490234375 0.100
255 4 8.770149230957031250 0.100
255 6 0.970435440540313721 0.100
255 7 19.259841918945312500 0.100
255 9 21.502000808715820312 0.100
424 3 8.809900283813476562 0.100
424 4 17.762619018554687500 0.100
424 7 6.100074768066406250 0.100
424 8 8.105856895446777344 0.100
424 9 16.712949752807617188 0.100
593 3 6.972935676574707031 0.100
593 4 0.254527419805526733 0.100
593 5 29.135004043579101562 0.100
593 6 18.802961349487304688 0.100
87 3 18.853195190429687500 0.100
87 7 1.654613852500915527 0.100
87 8 21.278175354003906250 0.100
256 0 0.705621659755706787 0.100
256 7 2.514571189880371094 0.100
256 9 8.389573097229003906 0.100
425 0 2.994633197784423828 0.100
425 2 1.933186650276184082 0.100
425 4 13.703646659851074219 0.100
425 6 2.926882743835449219 0.100
425 7 4.151280879974365234 0.100
425 9 6.286107063293457031 0.100
594 3 4.918378829956054688 0.100
594 4 7.406023502349853516 0.100
594 5 10.232394218444824219 0.100
594 6 10.569538116455078125 0.100
594 7 4.897671222686767578 0.100
88 4 2.854289293289184570 0.100
88 7 5.870967388153076172 0.100
88 8 25.845092773437500000 0.100
88 9 4.644597530364990234 0.100
257 0 2.744098663330078125 0.100
257 6 5.122662067413330078 0.100
257 7 2.998116970062255859 0.100
257 8 5.907320499420166016 0.100
257 9 8.890863418579101562 0.100
426 0 9.831831932067871094 0.100
426 4 1.911043643951416016 0.100
426 6 9.953260421752929688 0.100
595 3 12.174196243286132812 0.100
595 4 16.467617034912109375 0.100
595 5 18.536151885986328125 0.100
595 6 8.365034103393554688 0.100
595 7 18.165931701660156250 0.100
89 2 7.690225124359130859 0.100
89 4 8.050460815429687500 0.100
89 8 31.096641540527343750 0.100
89 9 8.133195877075195312 0.100
258 0 20.473096847534179688 0.100
258 6 18.882862091064453125 0.100
427 0 9.355531692504882812 0.100
427 6 19.101989746093750000 0.100
596 4 6.116122722625732422 0.100
596 5 13.144447326660156250 0.100
596 7 16.944250106811523438 0.100
90 0 4.450644969940185547 0.100
90 8 22.192247390747070312 0.100
259 2 11.169514656066894531 0.100
259 8 1.820213437080383301 0.100
428 0 13.296106338500976562 0.100
428 6 5.982931613922119141 0.100
597 0 6.661662578582763672 0.100
597 2 14.977485656738281250 0.100
597 7 4.954749107360839844 0.100
91 1 8.045633316040039062 0.100
91 2 3.030725955963134766 0.100
91 5 4.100428104400634766 0.100
91 7 11.336239814758300781 0.100
91 8 2.743282556533813477 0.100
260 3 5.807811737060546875 0.100
260 6 5.167359828948974609 0.100
260 7 4.023708820343017578 0.100
429 2 1.415392994880676270 0.100
429 3 3.740918636322021484 0.100
429 7 14.495027542114257812 0.100
598 1 5.738868236541748047 0.100
598 2 5.495450019836425781 0.100
598 3 10.487026214599609375 0.100
598 6 2.690550804138183594 0.100
598 8 0.933460354804992676 0.100
598 9 0.126965895295143127 0.100
92 1 0.509884536266326904 0.100
92 5 3.051693916320800781 0.100
92 7 21.011072158813476562 0.100
261 1 6.566381931304931641 0.100
261 3 3.804940938949584961 0.100
261 7 12.819713592529296875 0.100
430 0 4.694094657897949219 0.100
430 2 1.656306982040405273 0.100
430 7 3.767816305160522461 0.100
599 1 4.947675228118896484 0.100
599 2 9.364401817321777344 0.100
599 3 15.618130683898925781 0.100
599 7 0.557846665382385254 0.100
93 2 4.634702205657958984 0.100
93 4 3.271855831146240234 0.100
93 5 7.588016510009765625 0.100
93 7 13.256427764892578125 0.100
93 8 5.127046108245849609 0.100
262 0 7.240055561065673828 0.100
262 4 5.762619972229003906 0.100
262 6 0.746486902236938477 0.100
262 9 14.720382690429687500 0.100
431 0 2.756361246109008789 0.100
431 2 1.007461786270141602 0.100
431 4 11.687542915344238281 0.100
431 6 2.067908048629760742 0.100
431 9 6.676813125610351562 0.100
600 2 10.105589866638183594 0.100
600 3 22.664754867553710938 0.100
600 5 7.461767673492431641 0.100
94 1 1.112894058227539062 0.100
94 5 9.588790893554687500 0.100
94 7 13.570835113525390625 0.100
263 0 1.453594684600830078 0.100
263 4 20.148015975952148438 0.100
263 6 13.116294860839843750 0.100
263 7 6.010615825653076172 0.100
263 9 17.132400512695312500 0.100
432 0 14.106535911560058594 0.100
432 4 8.296901702880859375 0.100
432 6 5.701094150543212891 0.100
432 9 6.458360195159912109 0.100
601 2 10.976168632507324219 0.100
601 3 9.868360519409179688 0.100
601 5 21.277339935302734375 0.100
601 7 5.254466056823730469 0.100
601 8 5.374326705932617188 0.100
95 2 10.106410026550292969 0.100
95 3 6.528975963592529297 0.100
95 4 19.301683425903320312 0.100
95 5 4.371588230133056641 0.100
95 7 32.531803131103515625 0.100
264 0 4.502976417541503906 0.100
264 4 14.916425704956054688 0.100
264 6 19.147199630737304688 0.100
264 9 0.868680298328399658 0.100
433 0 10.227001190185546875 0.100
433 2 2.339242696762084961 0.100
433 4 18.792659759521484375 0.100
433 6 11.198184013366699219 0.100
602 2 10.016704559326171875 0.100
602 3 4.274860858917236328 0.100
602 7 5.256638526916503906 0.100
602 8 5.971406936645507812 0.100
602 9 6.118382930755615234 0.100
96 0 5.843170166015625000 0.100
96 4 7.962976455688476562 0.100
96 5 4.132955551147460938 0.100
96 9 5.805526256561279297 0.100
265 2 2.376021146774291992 0.100
265 3 8.100549697875976562 0.100
265 4 8.576257705688476562 0.100
265 5 4.394939899444580078 0.100
265 6 13.009429931640625000 0.100
265 8 11.782392501831054688 0.100
265 9 7.008638858795166016 0.100
434 0 2.218943834304809570 0.100
434 4 8.034725189208984375 0.100
434 6 2.980994939804077148 0.100
434 9 4.272416114807128906 0.100
603 2 8.586650848388671875 0.100
603 9 26.081865310668945312 0.100
97 4 4.781690120697021484 0.100
97 5 15.722860336303710938 0.100
97 9 32.703861236572265625 0.100
266 1 16.014247894287109375 0.100
266 4 4.160929203033447266 0.100
266 6 2.560703039169311523 0.100
266 8 7.481413364410400391 0.100
435 1 26.786428451538085938 0.100
435 2 8.679599761962890625 0.100
435 3 4.415909290313720703 0.100
435 4 13.510607719421386719 0.100
435 6 7.154151916503906250 0.100
435 8 13.378348350524902344 0.100
604 2 21.936166763305664062 0.100
604 4 28.528366088867187500 0.100
604 5 21.517116546630859375 0.100
604 9 11.778667449951171875 0.100
98 1 38.150001525878906250 0.100
98 3 0.669330120086669922 0.100
98 6 17.489648818969726562 0.100
267 1 6.767710685729980469 0.100
267 4 13.668259620666503906 0.100
267 6 2.767204046249389648 0.100
267 7 7.128339767456054688 0.100
267 9 11.549077987670898438 0.100
436 1 16.453817367553710938 0.100
436 2 3.843378782272338867 0.100
436 4 15.282891273498535156 0.100
436 6 6.092876911163330078 0.100
436 8 7.314368724822998047 0.100
436 9 0.228281021118164062 0.100
605 2 1.265950441360473633 0.100
605 3 6.576513767242431641 0.100
605 4 12.353514671325683594 0.100
605 5 28.453390121459960938 0.100
99 1 1.220095872879028320 0.100
99 2 0.834722936153411865 0.100
99 4 14.725779533386230469 0.100
99 6 5.300206184387207031 0.100
99 7 7.141517162322998047 0.100
99 8 12.546672821044921875 0.100
268 2 0.531270563602447510 0.100
268 3 7.338440895080566406 0.100
268 4 7.649695873260498047 0.100
268 7 4.195584774017333984 0.100
268 9 5.415755271911621094 0.100
437 4 13.517703056335449219 0.100
437 7 9.215470314025878906 0.100
437 9 9.470176696777343750 0.100
606 2 0.172624006867408752 0.100
606 3 23.213529586791992188 0.100
606 5 2.475235700607299805 0.100
606 6 6.037627696990966797 0.100
606 7 0.956915080547332764 0.100
100 2 12.601476669311523438 0.100
100 4 23.063764572143554688 0.100
100 7 21.650054931640625000 0.100
100 8 19.499279022216796875 0.100
269 0 5.301477909088134766 0.100
269 4 3.416887044906616211 0.100
269 7 12.702694892883300781 0.100
269 9 1.801048278808593750 0.100
438 3 3.390613555908203125 0.100
438 4 8.931790351867675781 0.100
438 5 6.207397937774658203 0.100
438 7 6.022155284881591797 0.100
438 9 3.215518236160278320 0.100
607 2 3.657103776931762695 0.100
607 3 19.215833663940429688 0.100
607 4 10.656717300415039062 0.100
607 6 8.005333900451660156 0.100
607 7 0.903054594993591309 0.100
607 8 16.704925537109375000 0.100
101 2 10.543454170227050781 0.100
101 4 16.279817581176757812 0.100
101 7 3.962165117263793945 0.100
101 8 13.959970474243164062 0.100
270 0 2.904684782028198242 0.100
270 6 13.976657867431640625 0.100
270 7 0.347071677446365356 0.100
439 0 3.433891534805297852 0.100
439 3 3.790000915527343750 0.100
439 6 2.839477777481079102 0.100
439 7 3.635627031326293945 0.100
439 9 3.311945915222167969 0.100
608 2 11.434734344482421875 0.100
608 4 11.281409263610839844 0.100
608 7 10.623805999755859375 0.100
608 8 7.515418529510498047 0.100
102 0 10.205420494079589844 0.100
102 2 21.812013626098632812 0.100
102 4 6.432932853698730469 0.100
102 7 1.916745424270629883 0.100
271 0 14.341125488281250000 0.100
271 6 1.957129359245300293 0.100
440 0 9.439703941345214844 0.100
440 6 1.341416478157043457 0.100
609 2 22.250724792480468750 0.100
609 3 8.581532478332519531 0.100
609 8 3.737134218215942383 0.100
103 0 9.115938186645507812 0.100
103 2 7.790958881378173828 0.100
272 2 29.238046646118164062 0.100
441 0 11.727584838867187500 0.100
441 2 21.373189926147460938 0.100
610 2 21.672788619995117188 0.100
104 3 3.917009592056274414 0.100
104 6 4.031066894531250000 0.100
104 7 11.609763145446777344 0.100
273 1 6.903170108795166016 0.100
273 3 10.049886703491210938 0.100
273 7 7.619791984558105469 0.100
442 3 10.074993133544921875 0.100
611 1 3.070857763290405273 0.100
611 3 10.530511856079101562 0.100
105 1 0.976919114589691162 0.100
105 4 0.248367473483085632 0.100
105 7 1.861467838287353516 0.100
274 2 1.163765907287597656 0.100
274 3 6.268890857696533203 0.100
443 2 2.161083698272705078 0.100
443 3 15.835089683532714844 0.100
443 7 4.135053157806396484 0.100
612 3 19.972238540649414062 0.100
612 7 4.608394145965576172 0.100
106 4 14.641602516174316406 0.100
106 5 4.692761421203613281 0.100
106 7 4.577260494232177734 0.100
275 0 8.224555969238281250 0.100
275 2 1.103364706039428711 0.100
275 4 4.680775165557861328 0.100
444 0 14.374680519104003906 0.100
444 2 4.192775726318359375 0.100
444 5 3.797420263290405273 0.100
444 7 0.506380140781402588 0.100
613 3 17.673225402832031250 0.100
613 5 16.647245407104492188 0.100
107 2 3.053645133972167969 0.100
107 4 13.388951301574707031 0.100
107 5 1.903486251831054688 0.100
107 7 13.349924087524414062 0.100
276 0 2.542275190353393555 0.100
276 2 5.561700344085693359 0.100
276 4 9.327881813049316406 0.100
276 6 0.497552365064620972 0.100
276 8 1.218889236450195312 0.100
445 0 4.310601234436035156 0.100
445 2 6.320085525512695312 0.100
445 4 13.225789070129394531 0.100
445 6 9.588152885437011719 0.100
614 3 24.249687194824218750 0.100
614 5 37.491592407226562500 0.100
108 4 17.770936965942382812 0.100
108 5 14.689709663391113281 0.100
108 7 5.754217624664306641 0.100
277 0 19.482837677001953125 0.100
277 2 11.218257904052734375 0.100
277 4 1.083889722824096680 0.100
277 6 15.756064414978027344 0.100
277 9 3.537484169006347656 0.100
446 0 18.824884414672851562 0.100
446 2 5.023821353912353516 0.100
446 6 16.704883575439453125 0.100
446 8 10.169320106506347656 0.100
615 3 20.798294067382812500 0.100
615 5 29.460809707641601562 0.100
615 9 13.971251487731933594 0.100
109 3 9.225620269775390625 0.100
109 4 12.211069107055664062 0.100
109 5 12.670829772949218750 0.100
109 9 13.442238807678222656 0.100
278 1 9.018230438232421875 0.100
278 2 15.145968437194824219 0.100
278 4 3.788727998733520508 0.100
278 6 5.329193592071533203 0.100
278 8 14.059684753417968750 0.100
447 2 4.032263755798339844 0.100
447 4 2.573478937149047852 0.100
447 6 22.217369079589843750 0.100
447 8 13.948946952819824219 0.100
616 3 23.384109497070312500 0.100
616 5 24.539590835571289062 0.100
616 9 21.575374603271484375 0.100
110 1 5.423071861267089844 0.100
110 2 9.091099739074707031 0.100
110 3 19.043153762817382812 0.100
110 4 0.020690841600298882 0.100
110 5 6.371362209320068359 0.100
110 6 0.516955852508544922 0.100
110 9 17.916063308715820312 0.100
279 1 22.553964614868164062 0.100
279 2 15.477873802185058594 0.100
279 4 14.198971748352050781 0.100
279 6 6.002196788787841797 0.100
279 7 1.258873462677001953 0.100
279 8 2.368565797805786133 0.100
448 1 22.480278015136718750 0.100
448 2 2.313375473022460938 0.100
448 4 1.820528149604797363 0.100
448 6 9.677828788757324219 0.100
448 8 2.363485813140869141 0.100
617 0 3.989013671875000000 0.100
617 3 20.836929321289062500 0.100
617 4 5.373949050903320312 0.100
617 5 24.510278701782226562 0.100
111 1 31.286125183105468750 0.100
111 2 4.137797355651855469 0.100
111 4 9.775552749633789062 0.100
111 6 3.161898136138916016 0.100
111 7 2.121368646621704102 0.100
280 2 0.011184792965650558 0.100
280 4 9.236847877502441406 0.100
280 7 5.395355224609375000 0.100
449 1 17.518600463867187500 0.100
449 2 5.874079704284667969 0.100
449 4 15.055032730102539062 0.100
449 6 3.059563398361206055 0.100
618 0 9.016230583190917969 0.100
618 2 0.614601314067840576 0.100
618 3 25.885694503784179688 0.100
618 5 2.229538202285766602 0.100
112 4 18.812795639038085938 0.100
112 7 20.655399322509765625 0.100
112 9 16.582471847534179688 0.100
281 3 11.777373313903808594 0.100
281 4 10.688942909240722656 0.100
281 6 6.827284336090087891 0.100
281 7 11.197450637817382812 0.100
450 4 13.944760322570800781 0.100
450 6 5.607645988464355469 0.100
450 7 3.624720573425292969 0.100
450 8 0.399610847234725952 0.100
450 9 3.597688198089599609 0.100
619 2 1.244413375854492188 0.100
619 3 13.762959480285644531 0.100
619 6 15.887687683105468750 0.100
619 8 9.106897354125976562 0.100
113 0 12.681057929992675781 0.100
113 2 1.238341450691223145 0.100
113 4 19.018362045288085938 0.100
113 7 17.277009963989257812 0.100
282 3 2.076737403869628906 0.100
282 4 6.052424907684326172 0.100
282 5 9.137802124023437500 0.100
282 6 2.095981836318969727 0.100
282 7 5.306243419647216797 0.100
451 0 1.592092394828796387 0.100
451 2 7.313408851623535156 0.100
451 3 10.796126365661621094 0.100
451 5 4.859246730804443359 0.100
451 6 1.794858217239379883 0.100
620 2 13.635106086730957031 0.100
620 3 10.302949905395507812 0.100
620 8 5.653547763824462891 0.100
114 0 1.217673420906066895 0.100
114 2 13.631496429443359375 0.100
114 4 5.398796558380126953 0.100
114 6 10.493222236633300781 0.100
114 7 20.757139205932617188 0.100
283 0 0.623634994029998779 0.100
283 3 4.063374519348144531 0.100
283 4 0.039743199944496155 0.100
283 5 1.930144548416137695 0.100
452 0 6.368000984191894531 0.100
452 3 10.837572097778320312 0.100
452 5 0.844425261020660400 0.100
452 6 2.206181526184082031 0.100
621 1 5.168110370635986328 0.100
621 2 14.277410507202148438 0.100
621 8 2.304975509643554688 0.100
115 0 7.837924003601074219 0.100
115 2 18.199960708618164062 0.100
115 4 7.354230880737304688 0.100
115 6 0.055253703147172928 0.100
115 7 9.837590217590332031 0.100
284 0 5.658190727233886719 0.100
284 2 4.817730426788330078 0.100
284 3 4.854554653167724609 0.100
284 5 0.479360103607177734 0.100
453 0 10.839688301086425781 0.100
453 2 14.008148193359375000 0.100
453 5 7.773436069488525391 0.100
453 8 2.320810556411743164 0.100
622 2 22.112920761108398438 0.100
116 0 17.058687210083007812 0.100
116 2 12.813918113708496094 0.100
116 6 2.584449529647827148 0.100
285 0 3.817298173904418945 0.100
285 2 27.141382217407226562 0.100
454 2 8.673822402954101562 0.100
623 1 1.682976603507995605 0.100
623 2 25.589300155639648438 0.100
117 1 1.705894827842712402 0.100
117 3 11.968422889709472656 0.100
117 6 2.748140811920166016 0.100
286 1 2.503161907196044922 0.100
286 3 4.921628475189208984 0.100
286 7 1.137036204338073730 0.100
455 1 0.141134321689605713 0.100
455 3 6.853415489196777344 0.100
455 4 1.186059951782226562 0.100
455 7 3.976112842559814453 0.100
624 0 3.245142698287963867 0.100
624 3 4.513534069061279297 0.100
624 6 3.055943250656127930 0.100
118 2 1.880825400352478027 0.100
118 3 18.725046157836914062 0.100
118 5 9.372821807861328125 0.100
118 7 2.543128013610839844 0.100
287 2 13.916584968566894531 0.100
287 3 19.091905593872070312 0.100
456 2 12.328236579895019531 0.100
456 3 10.013702392578125000 0.100
625 3 9.980607986450195312 0.100
625 5 1.938308358192443848 0.100
119 2 9.505554199218750000 0.100
119 3 4.731215476989746094 0.100
119 4 4.031386375427246094 0.100
119 5 26.266342163085937500 0.100
119 7 12.470383644104003906 0.100
288 0 10.944932937622070312 0.100
288 2 11.779788970947265625 0.100
288 3 17.259206771850585938 0.100
288 5 6.397367954254150391 0.100
457 0 4.579565048217773438 0.100
457 2 0.822827875614166260 0.100
457 3 11.315872192382812500 0.100
457 8 4.356635570526123047 0.100
626 1 10.270332336425781250 0.100
626 3 18.531236648559570312 0.100
626 5 15.978966712951660156 0.100
120 2 4.204796314239501953 0.100
120 3 4.658811092376708984 0.100
120 4 5.621539592742919922 0.100
120 5 22.036382675170898438 0.100
289 0 8.044750213623046875 0.100
289 2 5.912688732147216797 0.100
289 6 8.148625373840332031 0.100
289 8 9.180624008178710938 0.100
458 0 12.468838691711425781 0.100
458 2 16.228485107421875000 0.100
458 8 1.034526944160461426 0.100
627 3 21.685728073120117188 0.100
627 5 24.980895996093750000 0.100
121 2 2.972824811935424805 0.100
121 4 7.854361534118652344 0.100
121 5 0.840827643871307373 0.100
121 7 1.525983095169067383 0.100
121 9 13.526492118835449219 0.100
290 0 19.314500808715820312 0.100
290 2 10.896446228027343750 0.100
290 6 7.257073402404785156 0.100
290 8 15.436859130859375000 0.100
459 0 7.436766147613525391 0.100
459 1 4.902244091033935547 0.100
459 2 3.605247259140014648 0.100
459 5 3.502204656600952148 0.100
459 6 12.235528945922851562 0.100
459 8 6.859127521514892578 0.100
628 3 31.937517166137695312 0.100
628 5 31.232376098632812500 0.100
122 2 7.634526252746582031 0.100
122 4 4.698179244995117188 0.100
122 8 5.189643859863281250 0.100
122 9 18.394626617431640625 0.100
291 0 0.289537429809570312 0.100
291 1 4.310165405273437500 0.100
291 2 18.101490020751953125 0.100
291 6 23.198822021484375000 0.100
291 7 0.586933374404907227 0.100
291 8 1.872478365898132324 0.100
460 0 10.675556182861328125 0.100
460 1 12.516045570373535156 0.100
460 2 15.295557975769042969 0.100
460 6 22.841169357299804688 0.100
460 8 5.158151626586914062 0.100
629 3 25.665702819824218750 0.100
629 5 32.273551940917968750 0.100
123 1 29.428794860839843750 0.100
123 2 4.532434463500976562 0.100
123 9 18.740800857543945312 0.100
292 1 14.667299270629882812 0.100
292 4 4.094999790191650391 0.100
292 7 3.504482984542846680 0.100
461 1 10.691360473632812500 0.100
461 2 15.492945671081542969 0.100
461 4 6.402850151062011719 0.100
461 6 18.223642349243164062 0.100
630 0 18.756771087646484375 0.100
630 3 22.212320327758789062 0.100
630 5 10.210283279418945312 0.100
124 2 6.672314167022705078 0.100
124 4 19.711818695068359375 0.100
124 5 1.948687672615051270 0.100
124 7 5.436082839965820312 0.100
124 9 18.017562866210937500 0.100
293 1 0.825007498264312744 0.100
293 2 10.730081558227539062 0.100
293 3 4.832208156585693359 0.100
293 4 15.078304290771484375 0.100
293 6 7.176697254180908203 0.100
293 7 1.761034488677978516 0.100
293 8 5.209961891174316406 0.100
462 2 0.120131582021713257 0.100
462 4 3.547576427459716797 0.100
462 6 11.502121925354003906 0.100
462 7 1.738265395164489746 0.100
462 9 2.481338024139404297 0.100
631 0 5.857292652130126953 0.100
631 2 12.241874694824218750 0.100
631 3 5.805903434753417969 0.100
631 6 12.868682861328125000 0.100
125 0 8.660160064697265625 0.100
125 2 17.902257919311523438 0.100
125 4 4.097991466522216797 0.100
125 5 4.227455615997314453 0.100
125 6 5.969437599182128906 0.100
125 9 16.496723175048828125 0.100
294 0 6.170802593231201172 0.100
294 3 12.043928146362304688 0.100
294 4 4.538435459136962891 0.100
294 5 0.415836125612258911 0.100
294 6 14.226151466369628906 0.100
463 3 2.030828714370727539 0.100
463 5 8.573036193847656250 0.100
463 6 10.659862518310546875 0.100
632 1 6.108925342559814453 0.100
632 2 17.199104309082031250 0.100
632 3 6.661176681518554688 0.100
632 5 6.189496040344238281 0.100
632 6 14.407968521118164062 0.100
126 0 12.050902366638183594 0.100
126 2 14.562743186950683594 0.100
126 6 20.380453109741210938 0.100
126 7 15.280698776245117188 0.100
295 0 6.731050491333007812 0.100
295 1 2.057348012924194336 0.100
295 2 7.141501426696777344 0.100
295 3 8.277931213378906250 0.100
295 5 5.079215526580810547 0.100
295 6 13.333546638488769531 0.100
295 8 6.638880252838134766 0.100
464 2 7.003073692321777344 0.100
464 3 0.684640467166900635 0.100
464 5 1.716797709465026855 0.100
464 6 5.786933898925781250 0.100
633 1 1.476465702056884766 0.100
633 2 33.963706970214843750 0.100
127 2 10.027436256408691406 0.100
127 6 0.997600972652435303 0.100
296 0 3.533358573913574219 0.100
296 1 0.696242809295654297 0.100
296 2 8.904387474060058594 0.100
296 3 6.824469089508056641 0.100
296 5 5.252108573913574219 0.100
296 6 0.677194714546203613 0.100
296 8 2.184148311614990234 0.100
465 0 3.620045900344848633 0.100
465 2 8.351301193237304688 0.100
465 3 1.326990365982055664 0.100
465 5 8.527818679809570312 0.100
634 2 29.249279022216796875 0.100
128 0 3.006524562835693359 0.100
128 2 7.502563953399658203 0.100
128 6 4.323261737823486328 0.100
297 0 2.238285541534423828 0.100
297 2 3.709084272384643555 0.100
297 5 10.539808273315429688 0.100
297 8 3.920367717742919922 0.100
466 0 4.537166595458984375 0.100
466 2 0.409278094768524170 0.100
466 5 10.528667449951171875 0.100
466 6 1.280174016952514648 0.100
466 8 8.072559356689453125 0.100
635 2 33.610488891601562500 0.100
129 0 6.536570072174072266 0.100
129 2 26.799297332763671875 0.100
298 2 18.803239822387695312 0.100
467 0 0.878186166286468506 0.100
467 1 3.118750572204589844 0.100
467 2 12.917647361755371094 0.100
636 2 26.930412292480468750 0.100
636 9 6.287124156951904297 0.100
130 0 2.479531526565551758 0.100
130 3 1.014335751533508301 0.100
130 5 1.530355095863342285 0.100
130 7 1.444874525070190430 0.100
299 1 1.980725884437561035 0.100
468 3 5.178552627563476562 0.100
637 1 4.036842823028564453 0.100
637 2 5.809473037719726562 0.100
637 3 10.005585670471191406 0.100
637 7 1.323367118835449219 0.100
131 2 4.651170730590820312 0.100
131 3 8.738096237182617188 0.100
300 2 5.497829437255859375 0.100
300 3 19.976509094238281250 0.100
300 5 0.216175839304924011 0.100
469 1 1.700811505317687988 0.100
469 2 1.393788218498229980 0.100
469 3 5.066566467285156250 0.100
469 5 0.192815989255905151 0.100
638 1 10.111001968383789062 0.100
638 3 16.633510589599609375 0.100
638 5 0.977482140064239502 0.100
132 3 23.270843505859375000 0.100
132 4 2.104269266128540039 0.100
132 5 8.923995018005371094 0.100
301 0 11.889669418334960938 0.100
301 2 5.401942253112792969 0.100
301 3 4.881903171539306641 0.100
301 5 3.320859193801879883 0.100
301 8 9.830949783325195312 0.100
470 0 0.332660853862762451 0.100
470 1 3.909885644912719727 0.100
470 2 7.986035346984863281 0.100
470 3 10.292292594909667969 0.100
639 1 7.117478847503662109 0.100
639 3 19.143657684326171875 0.100
639 5 13.851995468139648438 0.100
133 3 17.501115798950195312 0.100
133 5 28.145877838134765625 0.100
302 0 1.434746980667114258 0.100
302 1 8.456089019775390625 0.100
302 2 15.165050506591796875 0.100
302 3 0.035781133919954300 0.100
302 5 11.008067131042480469 0.100
302 8 1.384075403213500977 0.100
471 0 3.816356182098388672 0.100
471 2 14.883047103881835938 0.100
471 3 16.593517303466796875 0.100
471 5 2.627624988555908203 0.100
471 8 13.719240188598632812 0.100
640 3 24.453533172607421875 0.100
640 5 13.117596626281738281 0.100
640 7 0.496815979480743408 0.100
134 2 3.506162643432617188 0.100
134 3 6.786122322082519531 0.100
134 5 17.285896301269531250 0.100
303 0 14.092642784118652344 0.100
303 1 0.825208485126495361 0.100
303 2 8.327396392822265625 0.100
303 5 3.360590934753417969 0.100
303 6 1.114591002464294434 0.100
472 0 14.014230728149414062 0.100
472 1 11.137139320373535156 0.100
472 2 3.231808900833129883 0.100
472 3 8.075187683105468750 0.100
472 5 3.145374536514282227 0.100
641 3 7.434430599212646484 0.100
641 5 16.645971298217773438 0.100
641 9 5.858661174774169922 0.100
135 0 1.103604197502136230 0.100
135 1 19.368833541870117188 0.100
135 2 2.461036682128906250 0.100
135 5 16.654077529907226562 0.100
304 0 13.730465888977050781 0.100
304 2 5.331574916839599609 0.100
304 6 17.676452636718750000 0.100
473 0 7.922412872314453125 0.100
473 1 3.987379789352416992 0.100
473 2 7.435279369354248047 0.100
473 3 1.463683843612670898 0.100
473 5 2.743636131286621094 0.100
473 6 7.881668090820312500 0.100
473 7 0.722836554050445557 0.100
473 8 6.056294441223144531 0.100
642 3 9.839411735534667969 0.100
642 5 9.431752204895019531 0.100
136 1 3.274461507797241211 0.100
136 2 11.497785568237304688 0.100
136 5 19.981382369995117188 0.100
136 6 6.516383647918701172 0.100
305 0 7.645900726318359375 0.100
305 1 7.429099559783935547 0.100
305 5 5.548281669616699219 0.100
305 6 15.914733886718750000 0.100
305 8 2.386679649353027344 0.100
474 0 9.604135513305664062 0.100
474 6 11.166872978210449219 0.100
474 7 6.255098342895507812 0.100
474 8 2.754508972167968750 0.100
643 0 15.808353424072265625 0.100
643 2 4.270543098449707031 0.100
643 3 6.437349796295166016 0.100
643 5 9.862864494323730469 0.100
643 6 0.409532546997070312 0.100
643 8 10.258287429809570312 0.100
137 3 9.751164436340332031 0.100
137 5 8.742249488830566406 0.100
137 6 18.092226028442382812 0.100
137 9 0.879584729671478271 0.100
306 0 2.123683691024780273 0.100
306 2 5.010269641876220703 0.100
306 3 7.745002269744873047 0.100
306 4 5.491961479187011719 0.100
306 6 8.587765693664550781 0.100
475 0 2.138242959976196289 0.100
475 1 10.100433349609375000 0.100
475 3 0.328249633312225342 0.100
475 4 4.364166736602783203 0.100
475 5 7.739757537841796875 0.100
475 6 3.500972032546997070 0.100
644 0 14.294191360473632812 0.100
644 6 17.027435302734375000 0.100
644 8 11.079636573791503906 0.100
138 0 6.593309402465820312 0.100
138 3 2.708049535751342773 0.100
138 5 7.167671680450439453 0.100
138 6 12.280069351196289062 0.100
307 1 9.343589782714843750 0.100
307 2 7.195992946624755859 0.100
307 3 8.712022781372070312 0.100
307 4 4.231379985809326172 0.100
307 5 2.294446468353271484 0.100
307 6 2.618862152099609375 0.100
476 0 4.107073783874511719 0.100
476 1 6.008375644683837891 0.100
476 2 6.765293121337890625 0.100
476 3 0.796294748783111572 0.100
476 4 1.065382957458496094 0.100
476 5 6.036499500274658203 0.100
476 6 6.980264186859130859 0.100
476 8 6.466465473175048828 0.100
645 0 4.417998790740966797 0.100
645 1 14.504757881164550781 0.100
645 2 7.148518085479736328 0.100
139 2 1.302940487861633301 0.100
139 3 1.120569109916687012 0.100
139 6 19.427816390991210938 0.100
308 1 9.885087013244628906 0.100
308 2 9.875622749328613281 0.100
308 3 11.657767295837402344 0.100
308 4 0.081763833761215210 0.100
308 5 5.913085937500000000 0.100
308 8 8.099448204040527344 0.100
308 9 3.308419466018676758 0.100
477 2 0.582911610603332520 0.100
477 3 10.243946075439453125 0.100
477 4 3.810788631439208984 0.100
477 5 3.156238555908203125 0.100
477 6 7.168132305145263672 0.100
477 8 5.637126922607421875 0.100
646 1 9.983942031860351562 0.100
646 2 37.085029602050781250 0.100
646 4 5.180200576782226562 0.100
140 0 14.400899887084960938 0.100
140 1 4.470785140991210938 0.100
140 2 9.280214309692382812 0.100
140 3 0.310624241828918457 0.100
140 6 13.553022384643554688 0.100
309 1 4.670538902282714844 0.100
309 2 9.222723007202148438 0.100
309 5 6.503796577453613281 0.100
309 6 0.732946276664733887 0.100
309 8 9.529625892639160156 0.100
478 3 2.550411224365234375 0.100
478 8 2.581957578659057617 0.100
647 2 24.222513198852539062 0.100
647 4 1.519448399543762207 0.100
141 2 11.629487037658691406 0.100
141 5 5.257877826690673828 0.100
310 2 19.414045333862304688 0.100
479 0 2.452651739120483398 0.100
479 2 4.581882476806640625 0.100
479 4 1.784256696701049805 0.100
479 5 8.839909553527832031 0.100
648 2 16.724143981933593750 0.100
648 9 7.331296920776367188 0.100
142 1 3.482746601104736328 0.100
142 2 5.174340248107910156 0.100
311 2 12.330171585083007812 0.100
311 5 6.987489223480224609 0.100
480 1 5.754911899566650391 0.100
480 2 6.098979473114013672 0.100
480 4 2.319868087768554688 0.100
480 9 7.341054439544677734 0.100
649 1 3.738448143005371094 0.100
649 2 16.256870269775390625 0.100
649 6 1.532223582267761230 0.100
649 7 1.556130766868591309 0.100
649 9 10.349796295166015625 0.100
143 2 6.073030948638916016 0.100
143 3 2.659394979476928711 0.100
143 6 6.990758895874023438 0.100
312 3 10.502149581909179688 0.100
312 4 0.101269409060478210 0.100
312 7 4.533946037292480469 0.100
312 8 1.434187531471252441 0.100
481 2 4.589338302612304688 0.100
481 3 12.868131637573242188 0.100
481 4 4.857408046722412109 0.100
481 5 1.429134607315063477 0.100
650 3 3.561137676239013672 0.100
650 5 1.342482805252075195 0.100
650 6 1.790365695953369141 0.100
650 7 8.612349510192871094 0.100
650 9 4.967296600341796875 0.100
144 2 2.619955539703369141 0.100
144 3 19.598321914672851562 0.100
313 3 18.638265609741210938 0.100
482 3 15.620699882507324219 0.100
482 7 2.326139926910400391 0.100
651 3 12.635162353515625000 0.100
651 7 5.399974346160888672 0.100
145 1 15.629386901855468750 0.100
145 3 8.249943733215332031 0.100
314 0 2.126252651214599609 0.100
314 1 15.227143287658691406 0.100
314 2 7.079602718353271484 0.100
314 3 12.858462333679199219 0.100
314 7 4.304887294769287109 0.100
483 0 6.026220321655273438 0.100
483 1 16.793056488037109375 0.100
483 2 2.069199323654174805 0.100
483 3 7.529209136962890625 0.100
483 7 11.635222434997558594 0.100
652 3 11.105247497558593750 0.100
652 7 6.897041797637939453 0.100
652 9 5.377965450286865234 0.100
146 1 7.637520790100097656 0.100
146 2 2.080578804016113281 0.100
315 0 9.614756584167480469 0.100
315 1 5.011527538299560547 0.100
315 2 11.876852035522460938 0.100
315 3 7.964678764343261719 0.100
315 8 5.022472858428955078 0.100
484 1 3.229001998901367188 0.100
484 3 8.832602500915527344 0.100
484 7 18.832456588745117188 0.100
484 8 3.010947942733764648 0.100
653 3 12.053578376770019531 0.100
147 1 12.726351737976074219 0.100
147 2 4.468176841735839844 0.100
147 3 0.895421147346496582 0.100
147 5 3.017832756042480469 0.100
316 0 14.649145126342773438 0.100
316 2 6.911923408508300781 0.100
316 3 0.191614657640457153 0.100
316 4 2.009664773941040039 0.100
316 5 1.449478149414062500 0.100
316 7 0.967793583869934082 0.100
316 8 9.089880943298339844 0.100
485 0 3.800261020660400391 0.100
485 1 3.551861286163330078 0.100
485 2 3.054102182388305664 0.100
485 5 1.849033951759338379 0.100
485 8 1.189154624938964844 0.100
654 3 27.064579010009765625 0.100
654 5 20.655031204223632812 0.100
148 2 20.141813278198242188 0.100
148 6 2.693030357360839844 0.100
317 0 11.220666885375976562 0.100
317 3 4.476981163024902344 0.100
317 8 14.441095352172851562 0.100
486 0 9.127635002136230469 0.100
486 3 4.583912372589111328 0.100
486 5 9.401213645935058594 0.100
486 7 11.936440467834472656 0.100
486 8 7.401087760925292969 0.100
655 0 1.825318336486816406 0.100
655 3 19.909502029418945312 0.100
655 5 10.431713104248046875 0.100
149 0 3.075370311737060547 0.100
149 2 10.024692535400390625 0.100
149 4 1.688234210014343262 0.100
149 5 7.263423919677734375 0.100
149 6 2.128408193588256836 0.100
149 8 1.859776616096496582 0.100
318 0 1.609630823135375977 0.100
318 3 2.909745216369628906 0.100
318 5 7.319853305816650391 0.100
318 8 11.692885398864746094 0.100
487 0 9.239431381225585938 0.100
487 5 8.520868301391601562 0.100
487 8 4.508775234222412109 0.100
487 9 5.597135543823242188 0.100
656 0 6.839702606201171875 0.100
656 3 17.050838470458984375 0.100
656 5 6.550064086914062500 0.100
656 8 10.040560722351074219 0.100
150 0 10.169062614440917969 0.100
150 3 12.183342933654785156 0.100
150 6 17.629121780395507812 0.100
150 8 8.792897224426269531 0.100
319 1 5.085256576538085938 0.100
319 3 9.686629295349121094 0.100
319 5 9.065911293029785156 0.100
319 7 3.711881637573242188 0.100
488 0 8.901681900024414062 0.100
488 1 3.072662115097045898 0.100
488 4 2.099748611450195312 0.100
488 5 10.937908172607421875 0.100
488 7 3.515051126480102539 0.100
488 8 17.526145935058593750 0.100
488 9 2.703940391540527344 0.100
657 0 7.515265941619873047 0.100
657 3 12.988168716430664062 0.100
657 5 11.131861686706542969 0.100
657 8 21.484039306640625000 0.100
151 1 10.217192649841308594 0.100
151 2 6.055922031402587891 0.100
151 5 9.970006942749023438 0.100
151 6 10.697798728942871094 0.100
151 8 8.819963455200195312 0.100
320 0 2.211428403854370117 0.100
320 1 1.554885745048522949 0.100
320 4 3.963566541671752930 0.100
320 5 10.706931114196777344 0.100
320 8 3.257366180419921875 0.100
320 9 3.700262308120727539 0.100
489 1 13.180338859558105469 0.100
489 5 7.274580478668212891 0.100
489 9 0.892979562282562256 0.100
658 2 11.937914848327636719 0.100
658 9 4.344338417053222656 0.100
152 0 2.892279624938964844 0.100
152 1 4.844772815704345703 0.100
152 2 9.763198852539062500 0.100
152 3 9.266834259033203125 0.100
152 5 6.709798336029052734 0.100
152 6 7.096448421478271484 0.100
321 2 7.558792591094970703 0.100
321 4 3.225157737731933594 0.100
490 2 6.006897449493408203 0.100
490 3 2.221852540969848633 0.100
490 4 5.168606281280517578 0.100
490 8 2.010175943374633789 0.100
659 2 2.420427560806274414 0.100
659 9 14.092809677124023438 0.100
153 2 9.835610389709472656 0.100
153 4 7.069840431213378906 0.100
153 5 8.405488967895507812 0.100
322 2 0.664346337318420410 0.100
322 4 11.412296295166015625 0.100
322 5 7.684458732604980469 0.100
322 9 6.634749412536621094 0.100
491 2 5.009492874145507812 0.100
491 4 3.955757617950439453 0.100
491 5 10.252086639404296875 0.100
491 8 8.667067527770996094 0.100
491 9 16.030231475830078125 0.100
660 2 4.455090522766113281 0.100
660 7 2.150954246520996094 0.100
660 9 7.387079238891601562 0.100
154 0 0.561018168926239014 0.100
154 2 12.524152755737304688 0.100
154 5 2.883720159530639648 0.100
154 8 5.487557888031005859 0.100
323 2 7.634915828704833984 0.100
323 4 1.646705269813537598 0.100
323 5 8.667029380798339844 0.100
323 9 7.761338233947753906 0.100
492 2 13.536239624023437500 0.100
492 4 3.780262231826782227 0.100
492 5 5.554730415344238281 0.100
492 8 6.309899330139160156 0.100
492 9 11.318592071533203125 0.100
661 1 0.709351837635040283 0.100
661 2 8.820653915405273438 0.100
661 9 11.954431533813476562 0.100
155 0 1.199489235877990723 0.100
155 2 10.100827217102050781 0.100
155 9 1.386134982109069824 0.100
324 0 2.073892593383789062 0.100
324 2 12.264329910278320312 0.100
493 0 1.060953855514526367 0.100
493 2 3.307926654815673828 0.100
493 5 7.574615955352783203 0.100
662 0 0.499050140380859375 0.100
662 1 6.102003097534179688 0.100
662 2 0.436340034008026123 0.100
662 4 4.265655994415283203 0.100
156 3 10.399297714233398438 0.100
156 4 5.690462112426757812 0.100
156 5 2.818772315979003906 0.100
156 7 7.097825050354003906 0.100
156 9 3.872744321823120117 0.100
325 3 9.259929656982421875 0.100
325 4 1.451156735420227051 0.100
325 5 2.833059787750244141 0.100
325 6 1.925688147544860840 0.100
494 0 0.123722761869430542 0.100
494 1 2.051672220230102539 0.100
494 3 9.845078468322753906 0.100
494 6 6.086709499359130859 0.100
494 7 0.938302516937255859 0.100
494 9 7.855149745941162109 0.100
663 1 0.813415944576263428 0.100
663 4 8.160271644592285156 0.100
663 5 2.367166280746459961 0.100
663 7 1.787722110748291016 0.100
663 9 6.555125713348388672 0.100
157 3 1.927068352699279785 0.100
157 7 4.050269603729248047 0.100
326 3 5.660600662231445312 0.100
326 6 3.821706533432006836 0.100
326 7 9.866876602172851562 0.100
495 3 5.590580463409423828 0.100
495 5 0.198819816112518311 0.100
495 7 3.253170013427734375 0.100
664 5 1.071267485618591309 0.100
158 1 3.364833116531372070 0.100
158 3 14.926629066467285156 0.100
158 7 1.975270152091979980 0.100
327 1 0.277780055999755859 0.100
327 3 4.762848854064941406 0.100
327 7 15.418227195739746094 0.100
327 9 0.087233662605285645 0.100
496 3 5.336162567138671875 0.100
496 7 20.541112899780273438 0.100
496 9 11.436083793640136719 0.100
665 7 3.956666231155395508 0.100
665 9 14.411692619323730469 0.100
159 1 13.673248291015625000 0.100
159 3 12.155242919921875000 0.100
159 7 2.543166399002075195 0.100
159 9 5.169640064239501953 0.100
328 3 3.559731721878051758 0.100
328 5 0.342126131057739258 0.100
328 7 8.572383880615234375 0.100
328 9 6.695580482482910156 0.100
497 3 14.151890754699707031 0.100
497 7 19.994106292724609375 0.100
497 9 11.251019477844238281 0.100
666 7 2.710985660552978516 0.100
666 9 8.081737518310546875 0.100
160 3 17.101629257202148438 0.100
160 4 4.182028770446777344 0.100
160 7 9.211712837219238281 0.100
160 9 5.841433048248291016 0.100
329 3 7.035097122192382812 0.100
329 4 1.388543844223022461 0.100
329 5 8.765246391296386719 0.100
329 7 8.734631538391113281 0.100
329 9 14.758665084838867188 0.100
498 3 15.946302413940429688 0.100
498 7 13.643870353698730469 0.100
498 9 17.759284973144531250 0.100
667 1 0.694180428981781006 0.100
667 6 4.350382804870605469 0.100
667 7 2.853660821914672852 0.100
667 8 2.364270210266113281 0.100
161 0 0.809650182723999023 0.100
161 3 0.960506081581115723 0.100
161 4 17.612466812133789062 0.100
161 5 0.315866321325302124 0.100
161 8 3.706709861755371094 0.100
330 3 9.399620056152343750 0.100
330 5 11.709629058837890625 0.100
330 7 8.128252029418945312 0.100
330 9 3.516172885894775391 0.100
499 3 15.037888526916503906 0.100
499 7 6.551847457885742188 0.100
499 9 19.028717041015625000 0.100
668 5 4.828029632568359375 0.100
668 7 11.871864318847656250 0.100
668 8 2.810144901275634766 0.100
162 0 10.116771697998046875 0.100
162 3 17.571657180786132812 0.100
162 4 1.238396286964416504 0.100
162 5 12.537525177001953125 0.100
162 8 9.011164665222167969 0.100
331 3 6.686282634735107422 0.100
331 5 2.644389629364013672 0.100
331 7 18.520141601562500000 0.100
331 8 9.860035896301269531 0.100
331 9 11.103838920593261719 0.100
500 3 7.493028163909912109 0.100
500 5 6.386440753936767578 0.100
500 7 8.025484085083007812 0.100
500 9 3.768184423446655273 0.100
669 5 4.646660804748535156 0.100
163 0 9.998857498168945312 0.100
163 1 6.150442600250244141 0.100
163 2 0.758776187896728516 0.100
163 3 10.425135612487792969 0.100
163 4 13.972337722778320312 0.100
163 5 2.704927206039428711 0.100
163 8 17.552001953125000000 0.100
332 7 11.748381614685058594 0.100
332 9 9.690251350402832031 0.100
501 3 3.015129566192626953 0.100
501 5 9.103105545043945312 0.100
501 7 15.663948059082031250 0.100
501 8 6.273344039916992188 0.100
501 9 2.464947462081909180 0.100
670 3 1.714968919754028320 0.100
670 4 0.052707757800817490 0.100
164 0 1.650989890098571777 0.100
164 1 6.372157096862792969 0.100
164 3 13.674030303955078125 0.100
164 4 7.372708320617675781 0.100
164 8 8.282670974731445312 0.100
333 5 3.487578868865966797 0.100
333 7 2.299724817276000977 0.100
333 8 9.125245094299316406 0.100
333 9 0.834299862384796143 0.100
502 5 1.249016523361206055 0.100
502 7 10.643216133117675781 0.100
502 9 13.894690513610839844 0.100
671 1 3.346100568771362305 0.100
671 9 8.336964607238769531 0.100
165 1 4.465746402740478516 0.100
165 4 15.298925399780273438 0.100
165 5 1.534928679466247559 0.100
165 8 14.552749633789062500 0.100
334 4 5.378409385681152344 0.100
334 5 2.335558891296386719 0.100
334 8 4.768113613128662109 0.100
334 9 18.814588546752929688 0.100
503 5 2.040653705596923828 0.100
503 7 9.372896194458007812 0.100
503 9 8.892813682556152344 0.100
672 3 0.619282007217407227 0.100
672 5 5.354771614074707031 0.100
672 7 1.657146096229553223 0.100
672 9 15.096910476684570312 0.100
166 4 11.584397315979003906 0.100
166 5 3.524301290512084961 0.100
166 8 0.731488525867462158 0.100
335 1 5.878178596496582031 0.100
335 4 1.196468830108642578 0.100
335 9 19.014776229858398438 0.100
504 5 3.666395425796508789 0.100
504 9 6.281901836395263672 0.100
673 2 0.102163925766944885 0.100
673 6 4.046286582946777344 0.100
673 7 4.611428260803222656 0.100
673 9 2.408270597457885742 0.100
167 4 0.053405381739139557 0.100
167 5 0.445576727390289307 0.100
167 9 6.383645534515380859 0.100
336 2 7.220090389251708984 0.100
336 5 1.324476838111877441 0.100
336 9 1.932809829711914062 0.100
505 5 1.325409889221191406 0.100
505 9 16.012193679809570312 0.100
674 1 4.475026130676269531 0.100
674 2 4.333545207977294922 0.100
674 4 4.464386940002441406 0.100
674 8 0.544244647026062012 0.100
168 2 0.015964042395353317 0.100
168 5 2.881419658660888672 0.100
168 6 0.477072596549987793 0.100
168 9 0.191930979490280151 0.100
337 2 6.552265644073486328 0.100
337 4 2.505716085433959961 0.100
337 9 4.038169860839843750 0.100
506 3 2.796018838882446289 0.100
506 5 3.089715003967285156 0.100
675 0 6.165563106536865234 0.100
675 2 5.331871509552001953 0.100
675 3 4.337726116180419922 0.100
675 4 8.407606124877929688 0.100
675 7 8.097448348999023438 0.100
675 8 3.746596097946166992 0.100
