# columns = ['i', 'j', 'weight', 'delay']
0 4 8.916229248046875000 0.100
144 0 8.547567367553710938 0.100
144 4 12.578515052795410156 0.100
288 2 15.571109771728515625 0.100
288 4 2.646730422973632812 0.100
432 0 6.147012710571289062 0.100
432 2 0.897210061550140381 0.100
432 3 3.552372694015502930 0.100
576 1 0.162437021732330322 0.100
576 2 3.417466402053833008 0.100
576 4 16.292545318603515625 0.100
720 0 4.684941768646240234 0.100
720 2 2.126588821411132812 0.100
720 3 14.656878471374511719 0.100
864 0 2.614243030548095703 0.100
864 3 0.626822829246520996 0.100
864 4 4.704211711883544922 0.100
1008 0 2.801379442214965820 0.100
1008 2 0.334957718849182129 0.100
1008 3 5.483494758605957031 0.100
1008 4 5.677201271057128906 0.100
1 0 4.030584335327148438 0.100
1 1 6.456879138946533203 0.100
1 2 2.259362459182739258 0.100
1 3 1.142670273780822754 0.100
145 0 10.336935997009277344 0.100
145 4 5.207217216491699219 0.100
289 0 14.986037254333496094 0.100
289 4 17.320203781127929688 0.100
433 1 3.601244449615478516 0.100
433 3 2.774421691894531250 0.100
433 4 1.167857766151428223 0.100
577 0 0.741958439350128174 0.100
577 3 4.571818351745605469 0.100
577 4 7.835763931274414062 0.100
721 1 14.279748916625976562 0.100
721 4 12.541991233825683594 0.100
865 0 17.071401596069335938 0.100
865 4 9.215208053588867188 0.100
1009 0 2.717433452606201172 0.100
1009 1 4.935243129730224609 0.100
1009 3 6.097962379455566406 0.100
1009 4 2.709958314895629883 0.100
2 1 14.777557373046875000 0.100
2 4 13.175594329833984375 0.100
146 0 3.410888910293579102 0.100
146 4 11.152559280395507812 0.100
290 1 9.881630897521972656 0.100
290 2 1.464866518974304199 0.100
434 1 5.473385334014892578 0.100
434 4 6.380123138427734375 0.100
578 0 7.198582649230957031 0.100
578 4 1.062484383583068848 0.100
722 1 2.395077943801879883 0.100
722 4 8.405298233032226562 0.100
866 0 12.970273017883300781 0.100
866 3 2.867692708969116211 0.100
1010 2 0.991229295730590820 0.100
1010 3 3.822684764862060547 0.100
3 2 10.682968139648437500 0.100
3 3 3.565419197082519531 0.100
147 0 13.255179405212402344 0.100
147 4 3.079092025756835938 0.100
291 1 5.270853042602539062 0.100
435 0 0.618693292140960693 0.100
435 1 10.644529342651367188 0.100
435 3 2.295201301574707031 0.100
579 0 3.202235221862792969 0.100
579 2 0.069237194955348969 0.100
579 4 5.770183086395263672 0.100
723 0 10.176847457885742188 0.100
723 2 1.375653743743896484 0.100
867 0 0.710997462272644043 0.100
867 1 3.566853761672973633 0.100
867 4 9.504741668701171875 0.100
1011 1 5.633275985717773438 0.100
1011 4 7.752749919891357422 0.100
4 1 15.027609825134277344 0.100
4 2 1.279857277870178223 0.100
4 3 4.765786170959472656 0.100
148 1 6.421065330505371094 0.100
148 2 8.530611038208007812 0.100
148 4 5.675414562225341797 0.100
292 0 0.393587410449981689 0.100
292 1 2.116392850875854492 0.100
292 3 17.207870483398437500 0.100
436 0 6.159102916717529297 0.100
436 1 0.368647128343582153 0.100
580 0 0.157209336757659912 0.100
580 1 3.465919494628906250 0.100
580 3 12.613450050354003906 0.100
724 0 5.675363540649414062 0.100
868 0 4.791653633117675781 0.100
868 4 2.055808067321777344 0.100
1012 0 8.361285209655761719 0.100
1012 1 4.887638568878173828 0.100
1012 2 6.745222091674804688 0.100
5 2 3.027637958526611328 0.100
5 3 9.230320930480957031 0.100
149 0 3.409667491912841797 0.100
149 1 1.973025321960449219 0.100
149 2 5.913522720336914062 0.100
149 4 8.354879379272460938 0.100
293 3 4.437121391296386719 0.100
293 4 10.213566780090332031 0.100
437 2 4.109797954559326172 0.100
437 3 1.232409477233886719 0.100
581 0 17.694095611572265625 0.100
581 1 1.562897920608520508 0.100
581 4 0.289090335369110107 0.100
725 0 3.228040933609008789 0.100
725 2 2.150510549545288086 0.100
869 4 11.017063140869140625 0.100
1013 1 4.789084911346435547 0.100
1013 2 6.870501995086669922 0.100
1013 4 5.994804859161376953 0.100
6 3 9.695234298706054688 0.100
6 4 2.194746017456054688 0.100
150 2 1.372053384780883789 0.100
150 3 2.260730266571044922 0.100
150 4 6.273901462554931641 0.100
294 1 4.935585021972656250 0.100
438 0 7.764980316162109375 0.100
438 3 5.856719493865966797 0.100
582 1 11.128102302551269531 0.100
582 4 14.708675384521484375 0.100
726 3 8.885155677795410156 0.100
870 1 1.295181632041931152 0.100
870 3 0.173530504107475281 0.100
870 4 5.747808456420898438 0.100
1014 0 10.502217292785644531 0.100
1014 3 7.067901134490966797 0.100
7 0 5.437832832336425781 0.100
7 1 1.582106232643127441 0.100
7 4 2.204417467117309570 0.100
151 0 8.878327369689941406 0.100
151 1 0.669058918952941895 0.100
151 3 5.843006610870361328 0.100
295 0 9.040088653564453125 0.100
295 4 15.779160499572753906 0.100
439 1 5.353777408599853516 0.100
439 2 2.355390310287475586 0.100
439 3 10.206912040710449219 0.100
583 2 5.910432815551757812 0.100
583 4 14.887389183044433594 0.100
727 1 3.823210716247558594 0.100
727 3 0.726923704147338867 0.100
727 4 8.113557815551757812 0.100
871 0 10.131346702575683594 0.100
871 1 4.799086093902587891 0.100
871 3 1.508775353431701660 0.100
1015 4 9.373210906982421875 0.100
8 1 11.986373901367187500 0.100
8 3 5.533101081848144531 0.100
152 0 12.012858390808105469 0.100
152 2 9.314204216003417969 0.100
296 4 0.366075247526168823 0.100
440 0 10.753846168518066406 0.100
440 4 5.131590843200683594 0.100
584 0 5.983627319335937500 0.100
584 3 6.953101634979248047 0.100
584 4 10.083058357238769531 0.100
728 0 10.455149650573730469 0.100
872 0 0.310444355010986328 0.100
1016 0 7.212250232696533203 0.100
1016 2 9.280688285827636719 0.100
1016 4 3.437834739685058594 0.100
9 0 4.751514434814453125 0.100
9 2 4.675471305847167969 0.100
9 4 3.843454122543334961 0.100
153 0 10.099308013916015625 0.100
297 2 8.176445960998535156 0.100
297 3 15.432818412780761719 0.100
441 1 5.799857616424560547 0.100
441 2 6.283735752105712891 0.100
585 0 5.470474243164062500 0.100
585 3 5.936508178710937500 0.100
585 4 9.156587600708007812 0.100
729 2 0.706638395786285400 0.100
729 3 0.285445094108581543 0.100
873 0 12.440170288085937500 0.100
873 2 7.999436378479003906 0.100
1017 0 3.680269241333007812 0.100
1017 1 13.891349792480468750 0.100
10 0 3.999295234680175781 0.100
10 1 14.487217903137207031 0.100
10 3 3.685914754867553711 0.100
10 4 2.502847194671630859 0.100
154 1 8.703592300415039062 0.100
298 3 1.722411990165710449 0.100
442 0 1.278672337532043457 0.100
442 1 6.757243156433105469 0.100
442 3 1.162506699562072754 0.100
586 0 14.646859169006347656 0.100
730 0 1.334891080856323242 0.100
730 2 4.657092571258544922 0.100
730 4 11.228663444519042969 0.100
874 1 17.400167465209960938 0.100
874 3 2.894791603088378906 0.100
1018 1 7.911948680877685547 0.100
1018 2 4.360902309417724609 0.100
1018 3 1.585159182548522949 0.100
1018 4 5.138002872467041016 0.100
11 0 1.486836552619934082 0.100
11 2 8.686649322509765625 0.100
11 3 6.547464370727539062 0.100
11 4 5.953700542449951172 0.100
155 4 4.438721656799316406 0.100
299 2 0.549681961536407471 0.100
299 4 7.409246444702148438 0.100
443 0 6.405628204345703125 0.100
443 4 2.474754571914672852 0.100
587 0 8.639864921569824219 0.100
587 2 8.094556808471679688 0.100
731 1 3.856566905975341797 0.100
875 0 4.597521305084228516 0.100
875 3 4.578593730926513672 0.100
875 4 10.520424842834472656 0.100
1019 0 5.130392074584960938 0.100
1019 4 4.253891944885253906 0.100
12 1 16.792251586914062500 0.100
12 2 5.209005832672119141 0.100
12 3 0.518070518970489502 0.100
156 1 6.122902870178222656 0.100
156 4 9.372033119201660156 0.100
300 2 6.239367961883544922 0.100
300 3 3.741141557693481445 0.100
444 1 4.500896930694580078 0.100
444 3 0.035775210708379745 0.100
444 4 8.261435508728027344 0.100
588 0 3.408416271209716797 0.100
588 3 8.643110275268554688 0.100
732 1 1.060532569885253906 0.100
732 3 2.323919534683227539 0.100
876 1 6.357239723205566406 0.100
1020 1 11.657248497009277344 0.100
1020 3 9.225415229797363281 0.100
1020 4 1.241590023040771484 0.100
13 1 11.295784950256347656 0.100
13 4 9.237370491027832031 0.100
157 0 9.327443122863769531 0.100
157 1 2.048111438751220703 0.100
157 3 3.542785882949829102 0.100
301 0 0.556657016277313232 0.100
301 1 5.211609363555908203 0.100
301 4 7.546884059906005859 0.100
445 0 1.012196779251098633 0.100
445 4 10.571051597595214844 0.100
589 0 3.311354398727416992 0.100
589 1 9.395366668701171875 0.100
589 4 2.690968513488769531 0.100
733 1 6.003827571868896484 0.100
733 3 3.148789405822753906 0.100
733 4 8.397956848144531250 0.100
877 0 8.403581619262695312 0.100
877 3 9.389289855957031250 0.100
877 4 1.288325667381286621 0.100
1021 0 11.741701126098632812 0.100
1021 3 5.405361652374267578 0.100
1021 4 5.473479270935058594 0.100
14 1 2.988243341445922852 0.100
14 2 1.899922490119934082 0.100
14 4 0.933503568172454834 0.100
158 0 3.202595472335815430 0.100
158 1 0.438967019319534302 0.100
302 0 2.090041875839233398 0.100
302 1 2.413273096084594727 0.100
302 2 5.754389762878417969 0.100
302 3 2.510246753692626953 0.100
446 3 0.018725901842117310 0.100
446 4 4.084079265594482422 0.100
590 1 6.136380195617675781 0.100
590 3 6.344367027282714844 0.100
590 4 8.638539314270019531 0.100
734 3 11.726147651672363281 0.100
878 0 1.755246162414550781 0.100
878 4 20.303846359252929688 0.100
1022 0 4.567575931549072266 0.100
1022 4 7.623565673828125000 0.100
15 0 6.766839981079101562 0.100
15 1 7.978825092315673828 0.100
15 4 2.983924627304077148 0.100
159 0 2.623279809951782227 0.100
159 4 3.281619548797607422 0.100
303 1 12.784087181091308594 0.100
303 3 2.783571720123291016 0.100
303 4 5.171008586883544922 0.100
447 0 10.586981773376464844 0.100
447 3 2.802094936370849609 0.100
591 0 12.431348800659179688 0.100
591 3 1.724665045738220215 0.100
735 1 9.937273025512695312 0.100
735 3 3.451652288436889648 0.100
879 1 4.924167156219482422 0.100
879 2 7.562223911285400391 0.100
879 3 0.063054069876670837 0.100
879 4 0.569525003433227539 0.100
1023 0 10.483031272888183594 0.100
16 0 8.859254837036132812 0.100
16 1 5.665676116943359375 0.100
16 4 2.505763530731201172 0.100
160 1 7.522297382354736328 0.100
160 2 7.000062942504882812 0.100
304 0 4.191894531250000000 0.100
304 3 2.751521825790405273 0.100
448 0 7.122745513916015625 0.100
448 4 8.482825279235839844 0.100
592 0 12.780277252197265625 0.100
592 2 0.264475494623184204 0.100
592 3 2.998167514801025391 0.100
736 0 3.794597625732421875 0.100
736 1 1.560000061988830566 0.100
880 1 7.057215213775634766 0.100
880 2 3.947412490844726562 0.100
880 4 0.318148255348205566 0.100
1024 0 0.695132315158843994 0.100
1024 1 1.207811713218688965 0.100
1024 2 2.644607543945312500 0.100
1024 4 4.947444438934326172 0.100
17 1 7.427434444427490234 0.100
17 3 1.802231311798095703 0.100
161 2 3.733044624328613281 0.100
305 0 2.288367033004760742 0.100
305 2 4.149895668029785156 0.100
449 0 3.669165372848510742 0.100
449 1 9.417608261108398438 0.100
449 2 5.706306934356689453 0.100
449 3 2.487861156463623047 0.100
449 4 5.001527786254882812 0.100
593 0 4.708289623260498047 0.100
593 2 2.168306827545166016 0.100
593 3 4.851616859436035156 0.100
593 4 4.870930194854736328 0.100
737 2 0.188480257987976074 0.100
737 4 0.904879510402679443 0.100
881 0 0.006626904942095280 0.100
881 4 1.610961079597473145 0.100
1025 0 6.474194526672363281 0.100
1025 4 7.236693859100341797 0.100
18 1 3.180371761322021484 0.100
18 3 7.257993221282958984 0.100
162 1 7.639574050903320312 0.100
162 3 9.566159248352050781 0.100
306 0 10.133650779724121094 0.100
306 3 3.749613523483276367 0.100
450 1 2.116240024566650391 0.100
450 2 3.833253622055053711 0.100
450 3 8.351613044738769531 0.100
450 4 9.385161399841308594 0.100
594 0 12.528467178344726562 0.100
594 1 6.615809917449951172 0.100
738 0 3.039241552352905273 0.100
738 1 7.741950035095214844 0.100
882 4 2.280701160430908203 0.100
1026 1 0.680252313613891602 0.100
1026 3 7.926191329956054688 0.100
1026 4 9.043678283691406250 0.100
19 2 4.635133266448974609 0.100
19 3 0.945275604724884033 0.100
19 4 4.073375701904296875 0.100
163 3 4.930725574493408203 0.100
163 4 4.632853031158447266 0.100
307 3 8.181066513061523438 0.100
307 4 1.817214846611022949 0.100
451 1 3.439280986785888672 0.100
451 3 3.071972131729125977 0.100
595 1 3.521055221557617188 0.100
595 2 4.955479145050048828 0.100
595 3 0.405600219964981079 0.100
595 4 9.645872116088867188 0.100
739 1 2.387138605117797852 0.100
739 2 2.653177022933959961 0.100
739 3 6.477024555206298828 0.100
739 4 0.764616429805755615 0.100
883 0 1.909150362014770508 0.100
883 1 5.485480785369873047 0.100
883 3 10.954839706420898438 0.100
1027 0 10.115123748779296875 0.100
1027 1 6.992284774780273438 0.100
1027 2 4.373620033264160156 0.100
20 0 5.072661876678466797 0.100
20 1 2.890780448913574219 0.100
20 4 0.165255129337310791 0.100
164 0 0.256694257259368896 0.100
164 1 6.458520412445068359 0.100
164 2 9.051429748535156250 0.100
308 0 0.005561671685427427 0.100
308 2 1.318878650665283203 0.100
308 3 3.812214136123657227 0.100
308 4 3.042488098144531250 0.100
452 3 8.530279159545898438 0.100
452 4 3.843017101287841797 0.100
596 0 7.497730255126953125 0.100
596 2 2.008164405822753906 0.100
596 3 5.600552082061767578 0.100
740 0 4.671896934509277344 0.100
740 1 0.919327199459075928 0.100
740 3 0.808975279331207275 0.100
884 3 5.824039936065673828 0.100
884 4 1.009619235992431641 0.100
1028 3 3.642825841903686523 0.100
1028 4 4.393027305603027344 0.100
21 0 2.433328390121459961 0.100
21 4 1.559086084365844727 0.100
165 4 7.965301990509033203 0.100
309 1 4.430637836456298828 0.100
309 3 0.868198812007904053 0.100
453 0 1.303597927093505859 0.100
453 2 11.543544769287109375 0.100
453 3 1.893621563911437988 0.100
597 1 2.761630058288574219 0.100
741 1 5.271836757659912109 0.100
741 2 7.714026451110839844 0.100
741 4 1.388480663299560547 0.100
885 2 5.870338916778564453 0.100
1029 0 13.800602912902832031 0.100
1029 1 2.662600040435791016 0.100
1029 2 0.329820960760116577 0.100
1029 3 1.759273052215576172 0.100
22 0 5.265947341918945312 0.100
22 2 0.233613088726997375 0.100
22 3 8.294620513916015625 0.100
166 1 0.468475192785263062 0.100
166 3 1.983042359352111816 0.100
310 1 3.219884157180786133 0.100
310 2 0.282204836606979370 0.100
310 3 1.278641343116760254 0.100
454 0 4.263284206390380859 0.100
454 1 1.242251038551330566 0.100
454 2 0.860134482383728027 0.100
598 2 9.070652008056640625 0.100
598 3 2.944668769836425781 0.100
598 4 6.432467937469482422 0.100
742 3 3.777266502380371094 0.100
742 4 2.786692380905151367 0.100
886 1 5.792535781860351562 0.100
886 2 5.173574447631835938 0.100
1030 0 4.939845561981201172 0.100
1030 1 9.892514228820800781 0.100
1030 4 4.853678226470947266 0.100
23 0 12.840390205383300781 0.100
23 1 17.108489990234375000 0.100
167 2 9.500522613525390625 0.100
167 4 8.872151374816894531 0.100
311 0 7.099246501922607422 0.100
311 2 1.570270776748657227 0.100
455 1 7.543409824371337891 0.100
599 0 2.409145116806030273 0.100
599 1 0.430654406547546387 0.100
743 0 16.874906539916992188 0.100
743 1 12.785303115844726562 0.100
743 2 0.872123599052429199 0.100
887 3 1.533304095268249512 0.100
1031 3 8.596732139587402344 0.100
1031 4 3.558692932128906250 0.100
24 0 5.543208599090576172 0.100
24 1 8.672170639038085938 0.100
24 2 0.632599711418151855 0.100
24 4 3.857078075408935547 0.100
168 0 3.030021667480468750 0.100
168 1 3.141622304916381836 0.100
168 2 1.256996512413024902 0.100
312 3 14.719910621643066406 0.100
456 1 7.538912773132324219 0.100
456 3 1.204012513160705566 0.100
456 4 0.128783211112022400 0.100
600 0 9.788826942443847656 0.100
600 3 7.432373523712158203 0.100
600 4 2.456082105636596680 0.100
744 0 1.171676039695739746 0.100
744 3 3.139633417129516602 0.100
888 1 6.461875915527343750 0.100
888 2 4.146432876586914062 0.100
1032 1 2.974988937377929688 0.100
25 1 1.688228130340576172 0.100
25 4 1.623389601707458496 0.100
169 1 6.379738807678222656 0.100
169 3 8.866215705871582031 0.100
313 0 4.241224765777587891 0.100
313 4 3.910210847854614258 0.100
457 2 16.920001983642578125 0.100
457 3 4.079106330871582031 0.100
601 0 1.909549593925476074 0.100
601 1 6.538128376007080078 0.100
745 1 14.362649917602539062 0.100
889 0 3.458966493606567383 0.100
889 3 8.352147102355957031 0.100
1033 1 0.445152968168258667 0.100
1033 3 6.102952957153320312 0.100
26 1 11.075467109680175781 0.100
26 3 5.376186370849609375 0.100
170 2 3.618137121200561523 0.100
314 0 6.776617527008056641 0.100
314 3 3.266374349594116211 0.100
314 4 9.616928100585937500 0.100
458 1 5.284701347351074219 0.100
458 3 3.586241483688354492 0.100
458 4 0.852971851825714111 0.100
602 1 2.068448066711425781 0.100
602 3 11.542476654052734375 0.100
602 4 0.962312877178192139 0.100
746 0 4.604354381561279297 0.100
746 1 5.093233585357666016 0.100
746 3 12.835854530334472656 0.100
890 0 7.815970897674560547 0.100
890 2 9.133778572082519531 0.100
1034 1 1.212561607360839844 0.100
1034 2 3.052253723144531250 0.100
1034 4 4.996537685394287109 0.100
27 0 12.582358360290527344 0.100
27 1 11.142167091369628906 0.100
171 0 3.561078071594238281 0.100
171 1 5.564680099487304688 0.100
171 2 3.370071649551391602 0.100
171 3 2.242497920989990234 0.100
171 4 4.115501403808593750 0.100
315 0 11.628323554992675781 0.100
315 1 3.021043300628662109 0.100
315 2 5.259805202484130859 0.100
459 0 2.058021783828735352 0.100
459 1 7.715122222900390625 0.100
459 2 2.150764226913452148 0.100
459 3 2.595212697982788086 0.100
459 4 2.044615745544433594 0.100
603 0 0.738496363162994385 0.100
603 1 7.519914150238037109 0.100
747 1 11.165150642395019531 0.100
747 4 1.799782037734985352 0.100
891 0 2.307204246520996094 0.100
891 2 1.452307224273681641 0.100
891 3 8.663189888000488281 0.100
1035 1 6.429073333740234375 0.100
1035 2 6.245777130126953125 0.100
1035 3 7.621681213378906250 0.100
28 2 8.202136993408203125 0.100
28 3 4.035433292388916016 0.100
28 4 4.670585632324218750 0.100
172 0 5.852107524871826172 0.100
172 1 9.517030715942382812 0.100
172 3 2.661964178085327148 0.100
316 3 0.095304876565933228 0.100
316 4 8.446855545043945312 0.100
460 2 7.194600582122802734 0.100
460 4 6.006398677825927734 0.100
604 0 10.332226753234863281 0.100
604 1 3.931289434432983398 0.100
748 0 4.106063365936279297 0.100
748 2 5.194482326507568359 0.100
748 3 11.039948463439941406 0.100
892 2 4.625758171081542969 0.100
892 4 1.194629073143005371 0.100
1036 1 12.553325653076171875 0.100
1036 2 0.304200440645217896 0.100
1036 3 1.816763401031494141 0.100
1036 4 1.693146586418151855 0.100
29 0 11.728575706481933594 0.100
29 3 12.464511871337890625 0.100
29 4 8.084617614746093750 0.100
173 1 6.210169315338134766 0.100
317 2 2.622845649719238281 0.100
317 3 4.413430213928222656 0.100
317 4 7.417617797851562500 0.100
461 0 0.440757185220718384 0.100
461 2 2.882479667663574219 0.100
461 3 4.963037967681884766 0.100
605 2 4.552190303802490234 0.100
605 3 5.765309333801269531 0.100
605 4 9.176759719848632812 0.100
749 0 1.742810845375061035 0.100
749 1 4.831831932067871094 0.100
749 2 4.271749019622802734 0.100
893 0 7.770794391632080078 0.100
893 1 0.021545814350247383 0.100
1037 0 0.488626748323440552 0.100
1037 1 11.568518638610839844 0.100
1037 3 5.809616088867187500 0.100
30 0 10.962094306945800781 0.100
30 1 0.482347697019577026 0.100
174 0 0.380956590175628662 0.100
174 3 7.631209373474121094 0.100
174 4 1.592972397804260254 0.100
318 0 6.283527851104736328 0.100
318 2 3.820544242858886719 0.100
318 4 7.812368869781494141 0.100
462 1 10.234467506408691406 0.100
462 2 0.439826607704162598 0.100
462 3 3.402951955795288086 0.100
462 4 2.097138643264770508 0.100
606 0 6.863619327545166016 0.100
606 2 1.378313422203063965 0.100
750 0 6.854125976562500000 0.100
750 1 3.057312488555908203 0.100
750 2 2.142016649246215820 0.100
750 3 6.736464500427246094 0.100
894 1 16.839958190917968750 0.100
894 3 2.715055704116821289 0.100
894 4 2.503057241439819336 0.100
1038 2 4.541126251220703125 0.100
31 1 6.416769504547119141 0.100
31 3 3.316944122314453125 0.100
175 3 4.073944091796875000 0.100
319 0 5.784821987152099609 0.100
319 2 5.035345554351806641 0.100
319 4 3.815542459487915039 0.100
463 0 3.596620082855224609 0.100
463 1 0.138144910335540771 0.100
463 3 6.340024471282958984 0.100
463 4 3.308954000473022461 0.100
607 0 4.625243663787841797 0.100
751 1 6.395896911621093750 0.100
751 3 0.688447594642639160 0.100
895 2 2.215604305267333984 0.100
895 3 3.706955671310424805 0.100
895 4 4.485823154449462891 0.100
1039 0 4.672885894775390625 0.100
1039 1 5.567901611328125000 0.100
1039 2 4.383542060852050781 0.100
1039 3 2.066711425781250000 0.100
32 2 5.231814861297607422 0.100
32 3 7.379816532135009766 0.100
32 4 7.319326877593994141 0.100
176 0 2.256913185119628906 0.100
176 1 4.765981674194335938 0.100
176 2 0.839189231395721436 0.100
176 3 6.930061817169189453 0.100
176 4 6.482769489288330078 0.100
320 1 5.775853633880615234 0.100
464 1 9.086544990539550781 0.100
464 4 4.523869514465332031 0.100
608 3 4.544661521911621094 0.100
608 4 9.823318481445312500 0.100
896 0 1.909358501434326172 0.100
896 1 6.179671287536621094 0.100
896 3 3.075225591659545898 0.100
1040 1 6.183900356292724609 0.100
1040 2 2.307460784912109375 0.100
1040 4 0.856050729751586914 0.100
33 1 9.481367111206054688 0.100
33 2 3.118313312530517578 0.100
33 4 3.095670938491821289 0.100
177 0 1.577753424644470215 0.100
177 3 1.150485992431640625 0.100
177 4 6.859918117523193359 0.100
321 0 10.944024085998535156 0.100
321 1 1.265371203422546387 0.100
321 2 0.511135220527648926 0.100
465 1 5.314626693725585938 0.100
609 0 4.003077030181884766 0.100
609 1 2.213072538375854492 0.100
609 2 3.641872644424438477 0.100
609 3 6.969551086425781250 0.100
753 3 7.979359149932861328 0.100
897 1 2.514456510543823242 0.100
897 2 3.503759145736694336 0.100
897 4 6.652547836303710938 0.100
1041 0 1.625225305557250977 0.100
1041 1 2.461364746093750000 0.100
1041 4 10.278293609619140625 0.100
34 0 5.588871002197265625 0.100
34 3 6.624850749969482422 0.100
178 2 0.332433968782424927 0.100
178 3 5.875974655151367188 0.100
322 0 7.778213977813720703 0.100
322 1 6.158525466918945312 0.100
466 1 10.451299667358398438 0.100
466 3 8.765500068664550781 0.100
466 4 7.515377044677734375 0.100
610 1 0.271706402301788330 0.100
610 2 1.294293880462646484 0.100
610 4 5.292403697967529297 0.100
754 0 4.697053909301757812 0.100
898 3 9.234584808349609375 0.100
898 4 1.331083178520202637 0.100
1042 2 4.373837947845458984 0.100
35 0 2.684257030487060547 0.100
35 1 3.244691610336303711 0.100
35 3 1.063168525695800781 0.100
179 0 9.193080902099609375 0.100
179 3 8.817147254943847656 0.100
323 1 9.440677642822265625 0.100
323 3 0.334964185953140259 0.100
323 4 5.447803974151611328 0.100
467 0 0.451256662607192993 0.100
467 1 2.638303518295288086 0.100
467 2 1.407699108123779297 0.100
467 4 8.066170692443847656 0.100
611 0 8.078156471252441406 0.100
611 3 2.366017341613769531 0.100
755 0 4.760805130004882812 0.100
755 1 9.716948509216308594 0.100
755 3 0.372476786375045776 0.100
755 4 4.963709831237792969 0.100
899 2 6.893109321594238281 0.100
899 3 5.588577747344970703 0.100
1043 4 6.681746006011962891 0.100
36 3 2.255821943283081055 0.100
36 4 0.939067661762237549 0.100
180 1 13.477403640747070312 0.100
180 2 4.336534500122070312 0.100
180 3 0.290325790643692017 0.100
324 0 0.577011287212371826 0.100
324 1 5.731868743896484375 0.100
324 4 3.391735076904296875 0.100
468 1 5.478279590606689453 0.100
468 2 12.087754249572753906 0.100
468 3 5.748499393463134766 0.100
612 1 1.283597826957702637 0.100
612 3 1.491739988327026367 0.100
612 4 3.885387420654296875 0.100
756 4 4.647331714630126953 0.100
900 0 2.965183734893798828 0.100
900 3 5.373992443084716797 0.100
1044 0 1.049963235855102539 0.100
1044 1 1.917571306228637695 0.100
1044 2 9.949501037597656250 0.100
1044 4 4.527950286865234375 0.100
37 2 7.721673488616943359 0.100
37 3 1.334921240806579590 0.100
181 1 5.497447967529296875 0.100
181 2 2.544810056686401367 0.100
181 3 8.440762519836425781 0.100
325 0 11.122883796691894531 0.100
325 1 1.241535902023315430 0.100
325 3 5.273055553436279297 0.100
325 4 5.240101814270019531 0.100
469 0 1.653270840644836426 0.100
469 1 6.511225223541259766 0.100
469 2 0.060555353760719299 0.100
469 3 4.479187011718750000 0.100
613 1 3.208799362182617188 0.100
613 4 2.352003097534179688 0.100
757 1 6.897595882415771484 0.100
757 2 5.272928237915039062 0.100
757 3 2.700145483016967773 0.100
757 4 5.366339683532714844 0.100
901 2 0.944478213787078857 0.100
901 3 3.765023469924926758 0.100
1045 3 5.450704097747802734 0.100
38 1 7.109354972839355469 0.100
38 3 0.103293046355247498 0.100
38 4 2.102490901947021484 0.100
182 2 4.171756267547607422 0.100
182 3 4.998843193054199219 0.100
326 0 14.167914390563964844 0.100
326 4 12.531584739685058594 0.100
470 3 3.005095958709716797 0.100
470 4 3.512475967407226562 0.100
614 1 10.210245132446289062 0.100
614 2 3.475975513458251953 0.100
902 0 0.129349619150161743 0.100
902 4 9.082089424133300781 0.100
1046 0 2.846538066864013672 0.100
1046 3 3.983317852020263672 0.100
1046 4 4.291518211364746094 0.100
39 0 10.089478492736816406 0.100
183 0 2.668087005615234375 0.100
183 1 5.378414154052734375 0.100
327 3 15.612224578857421875 0.100
327 4 16.088125228881835938 0.100
471 0 0.566762626171112061 0.100
471 1 10.238677024841308594 0.100
615 3 4.670441150665283203 0.100
615 4 0.302023649215698242 0.100
759 4 0.577971160411834717 0.100
903 0 10.056688308715820312 0.100
903 1 8.725379943847656250 0.100
1047 0 12.014058113098144531 0.100
1047 1 1.651946306228637695 0.100
1047 3 5.279888153076171875 0.100
40 1 6.678311824798583984 0.100
40 2 11.792246818542480469 0.100
184 2 5.334259033203125000 0.100
328 2 5.681225299835205078 0.100
328 3 2.234942674636840820 0.100
328 4 10.334252357482910156 0.100
472 1 5.766665935516357422 0.100
472 3 7.018483638763427734 0.100
616 0 2.135390043258666992 0.100
616 2 10.756343841552734375 0.100
760 3 10.726281166076660156 0.100
904 1 9.883114814758300781 0.100
904 2 4.252297878265380859 0.100
904 3 0.061482451856136322 0.100
1048 0 11.498597145080566406 0.100
1048 1 8.119636535644531250 0.100
1048 2 5.221840858459472656 0.100
41 1 9.820852279663085938 0.100
41 2 0.440306723117828369 0.100
41 3 5.123530864715576172 0.100
185 2 5.692267894744873047 0.100
185 3 7.561802864074707031 0.100
185 4 0.874401807785034180 0.100
329 0 0.395699888467788696 0.100
473 0 2.018943309783935547 0.100
473 2 0.389284878969192505 0.100
617 1 10.684105873107910156 0.100
617 2 3.569746017456054688 0.100
617 3 6.678493499755859375 0.100
617 4 2.716334581375122070 0.100
761 0 3.521358489990234375 0.100
761 1 1.055954456329345703 0.100
761 2 8.153608322143554688 0.100
905 1 0.957744657993316650 0.100
905 2 3.698500633239746094 0.100
905 3 8.948483467102050781 0.100
905 4 9.090178489685058594 0.100
1049 2 8.145628929138183594 0.100
1049 4 10.453433990478515625 0.100
42 2 0.619905591011047363 0.100
42 3 4.547787189483642578 0.100
42 4 7.291715145111083984 0.100
186 1 2.146755456924438477 0.100
186 2 3.040044546127319336 0.100
186 3 6.742610931396484375 0.100
330 2 6.702390670776367188 0.100
330 4 5.844839096069335938 0.100
474 1 1.303400278091430664 0.100
474 4 2.741237878799438477 0.100
618 1 4.379584789276123047 0.100
618 2 6.122337818145751953 0.100
618 3 9.145091056823730469 0.100
762 0 5.940947532653808594 0.100
762 1 0.018449984490871429 0.100
906 1 0.822190940380096436 0.100
906 3 3.175124168395996094 0.100
1050 0 6.438775062561035156 0.100
1050 1 9.298032760620117188 0.100
1050 3 9.283164024353027344 0.100
43 0 2.294284343719482422 0.100
43 2 2.031942844390869141 0.100
187 3 4.923877716064453125 0.100
331 2 7.436550140380859375 0.100
475 0 3.938010454177856445 0.100
475 3 4.962449073791503906 0.100
619 1 6.133534431457519531 0.100
619 2 3.472307920455932617 0.100
619 4 5.223109722137451172 0.100
763 1 2.996417522430419922 0.100
763 2 5.378660678863525391 0.100
763 3 7.609549999237060547 0.100
907 1 15.293084144592285156 0.100
907 2 4.398282527923583984 0.100
1051 2 10.661264419555664062 0.100
1051 3 2.208751678466796875 0.100
44 1 8.463078498840332031 0.100
44 2 7.318913936614990234 0.100
44 3 10.985596656799316406 0.100
188 0 3.874931812286376953 0.100
332 0 4.397762775421142578 0.100
332 1 0.195953696966171265 0.100
332 2 5.822528362274169922 0.100
476 1 1.157708764076232910 0.100
476 2 2.327098369598388672 0.100
620 1 6.015982627868652344 0.100
620 2 1.971910953521728516 0.100
620 4 0.961262404918670654 0.100
764 2 4.877339839935302734 0.100
764 3 2.157698869705200195 0.100
764 4 3.754429578781127930 0.100
908 1 5.240217208862304688 0.100
908 3 10.523199081420898438 0.100
908 4 1.958774566650390625 0.100
1052 0 6.084661960601806641 0.100
1052 1 4.890896797180175781 0.100
1052 4 2.478622913360595703 0.100
45 0 0.172255560755729675 0.100
45 1 5.210031509399414062 0.100
45 2 3.480410099029541016 0.100
45 3 1.937784552574157715 0.100
189 1 1.486656665802001953 0.100
189 2 7.854572772979736328 0.100
189 4 11.552469253540039062 0.100
333 0 4.529871940612792969 0.100
477 0 6.261023521423339844 0.100
477 2 0.477137237787246704 0.100
477 3 8.539708137512207031 0.100
621 1 6.095925331115722656 0.100
621 2 1.169929862022399902 0.100
621 3 1.493520617485046387 0.100
765 0 2.372104406356811523 0.100
765 1 0.593084812164306641 0.100
765 2 0.752338528633117676 0.100
765 3 11.596417427062988281 0.100
909 1 7.334939479827880859 0.100
909 2 5.757561206817626953 0.100
909 4 8.682267189025878906 0.100
1053 2 1.599140167236328125 0.100
1053 4 2.904212474822998047 0.100
46 0 0.043185573071241379 0.100
46 1 8.093540191650390625 0.100
46 2 9.176529884338378906 0.100
190 2 3.838734149932861328 0.100
190 3 9.167491912841796875 0.100
190 4 1.885078787803649902 0.100
334 0 0.875777363777160645 0.100
334 1 6.517455577850341797 0.100
478 1 0.799690127372741699 0.100
478 4 2.599359273910522461 0.100
622 1 6.290166854858398438 0.100
622 2 8.356333732604980469 0.100
766 0 5.291456699371337891 0.100
766 1 3.057344675064086914 0.100
766 2 6.783408641815185547 0.100
766 3 1.219874262809753418 0.100
910 1 6.881846904754638672 0.100
1054 1 7.268620491027832031 0.100
1054 2 0.898692727088928223 0.100
1054 3 2.922282218933105469 0.100
1054 4 7.430614948272705078 0.100
47 3 3.670995235443115234 0.100
47 4 4.734258174896240234 0.100
191 1 8.495970726013183594 0.100
191 2 1.500567674636840820 0.100
191 3 8.193234443664550781 0.100
335 0 0.280676752328872681 0.100
335 2 3.701090335845947266 0.100
335 3 11.872116088867187500 0.100
479 2 2.249549627304077148 0.100
479 3 3.252203941345214844 0.100
479 4 6.679879665374755859 0.100
623 4 5.712020874023437500 0.100
767 2 0.814720869064331055 0.100
767 3 7.371691703796386719 0.100
767 4 5.339570999145507812 0.100
911 1 4.869454383850097656 0.100
911 3 3.101524353027343750 0.100
911 4 3.126266241073608398 0.100
1055 0 10.782058715820312500 0.100
1055 1 7.198982238769531250 0.100
1055 2 3.531462192535400391 0.100
48 0 3.411623954772949219 0.100
48 1 2.466877222061157227 0.100
48 2 1.747198820114135742 0.100
48 4 3.930862903594970703 0.100
192 0 6.770950794219970703 0.100
192 1 8.370535850524902344 0.100
192 3 4.718297958374023438 0.100
192 4 3.818886995315551758 0.100
336 1 0.273891687393188477 0.100
336 2 8.541164398193359375 0.100
480 1 6.083935260772705078 0.100
480 2 0.371387928724288940 0.100
480 3 1.166613340377807617 0.100
624 0 0.347331821918487549 0.100
624 2 11.633764266967773438 0.100
624 3 0.590436339378356934 0.100
768 2 10.508449554443359375 0.100
768 4 2.967263221740722656 0.100
912 1 2.190207004547119141 0.100
912 4 8.884253501892089844 0.100
1056 2 4.684484004974365234 0.100
1056 3 2.787411451339721680 0.100
1056 4 4.397163391113281250 0.100
49 3 2.191295385360717773 0.100
49 4 5.716379165649414062 0.100
193 0 9.080827713012695312 0.100
193 1 2.707849502563476562 0.100
337 2 2.853402376174926758 0.100
337 4 16.713916778564453125 0.100
481 0 7.173581123352050781 0.100
481 1 4.415295600891113281 0.100
481 4 3.771967887878417969 0.100
625 0 0.439834147691726685 0.100
625 4 5.159562110900878906 0.100
769 4 17.196229934692382812 0.100
913 1 6.137275218963623047 0.100
913 2 2.951202392578125000 0.100
1057 0 1.762729525566101074 0.100
1057 2 7.816999912261962891 0.100
1057 3 8.091614723205566406 0.100
1057 4 3.485649108886718750 0.100
50 1 3.838361263275146484 0.100
50 4 7.262680053710937500 0.100
194 4 3.548113107681274414 0.100
338 0 2.316625118255615234 0.100
338 4 6.900307178497314453 0.100
482 3 5.960654258728027344 0.100
482 4 0.203780755400657654 0.100
626 0 12.992334365844726562 0.100
626 1 8.536162376403808594 0.100
626 4 0.709367036819458008 0.100
770 0 4.380177021026611328 0.100
770 1 0.407168239355087280 0.100
770 2 4.263051986694335938 0.100
770 3 9.545205116271972656 0.100
914 0 1.872251510620117188 0.100
914 1 4.966534614562988281 0.100
914 2 3.507079362869262695 0.100
914 3 2.852599859237670898 0.100
914 4 2.347412586212158203 0.100
1058 0 10.338993072509765625 0.100
1058 2 0.070824891328811646 0.100
1058 3 10.580174446105957031 0.100
51 0 7.801970005035400391 0.100
51 3 10.243631362915039062 0.100
51 4 3.222834110260009766 0.100
195 0 0.626630365848541260 0.100
195 1 3.168086767196655273 0.100
339 4 9.550819396972656250 0.100
483 2 5.155734539031982422 0.100
483 3 3.500267982482910156 0.100
627 1 4.850213050842285156 0.100
627 2 5.824342727661132812 0.100
627 4 3.759712219238281250 0.100
771 0 0.575153648853302002 0.100
771 4 4.229051589965820312 0.100
915 0 4.993333816528320312 0.100
915 1 10.217577934265136719 0.100
915 4 0.116316825151443481 0.100
1059 0 8.734353065490722656 0.100
1059 1 13.406828880310058594 0.100
52 1 2.684983968734741211 0.100
52 4 7.319228172302246094 0.100
196 0 4.356773376464843750 0.100
196 1 4.281951427459716797 0.100
340 3 14.564429283142089844 0.100
484 0 8.371691703796386719 0.100
484 1 3.528973340988159180 0.100
484 2 4.369191169738769531 0.100
484 3 2.421244382858276367 0.100
628 1 8.613128662109375000 0.100
628 3 2.242041587829589844 0.100
772 0 6.387646198272705078 0.100
916 2 2.180102109909057617 0.100
1060 0 4.035727977752685547 0.100
1060 1 4.216032028198242188 0.100
1060 4 10.980692863464355469 0.100
53 0 14.299479484558105469 0.100
197 2 9.762248992919921875 0.100
197 3 2.603731155395507812 0.100
197 4 4.339017868041992188 0.100
341 0 2.507043361663818359 0.100
341 1 4.437744140625000000 0.100
485 0 0.259868115186691284 0.100
485 1 5.717447280883789062 0.100
485 3 6.886445999145507812 0.100
485 4 1.156611084938049316 0.100
629 1 9.842493057250976562 0.100
629 2 1.590229034423828125 0.100
773 1 8.483871459960937500 0.100
773 2 4.655157089233398438 0.100
917 3 12.561844825744628906 0.100
1061 0 1.188220739364624023 0.100
1061 1 0.117948979139328003 0.100
1061 2 0.448395013809204102 0.100
1061 4 6.564322948455810547 0.100
54 1 9.123979568481445312 0.100
54 2 1.988782286643981934 0.100
198 2 2.400454044342041016 0.100
198 3 0.694777369499206543 0.100
198 4 8.321339607238769531 0.100
342 1 8.397362709045410156 0.100
342 2 5.781200885772705078 0.100
342 4 6.727384090423583984 0.100
486 0 3.016965866088867188 0.100
486 3 5.668419837951660156 0.100
630 0 4.633795738220214844 0.100
630 3 7.049644470214843750 0.100
774 0 6.025027275085449219 0.100
774 3 2.643037796020507812 0.100
918 0 9.519810676574707031 0.100
918 1 0.748199045658111572 0.100
1062 1 7.857184410095214844 0.100
55 0 6.608069896697998047 0.100
55 3 5.130106449127197266 0.100
55 4 6.151932716369628906 0.100
199 3 4.941561222076416016 0.100
343 1 1.747855186462402344 0.100
487 1 10.340604782104492188 0.100
631 0 0.239007592201232910 0.100
631 2 6.642612457275390625 0.100
631 3 8.422537803649902344 0.100
919 2 6.707568168640136719 0.100
919 4 7.975598335266113281 0.100
1063 1 2.689677953720092773 0.100
1063 3 2.360274314880371094 0.100
1063 4 2.235128879547119141 0.100
56 1 5.306375026702880859 0.100
56 2 10.329734802246093750 0.100
56 4 8.887610435485839844 0.100
200 0 4.958927154541015625 0.100
200 2 7.842868804931640625 0.100
344 0 2.340714693069458008 0.100
344 1 3.924759387969970703 0.100
344 2 6.113014698028564453 0.100
344 4 4.963822841644287109 0.100
488 0 8.513367652893066406 0.100
488 1 7.884979724884033203 0.100
488 3 4.789759635925292969 0.100
632 1 7.558607101440429688 0.100
632 2 4.718246459960937500 0.100
632 4 4.472990036010742188 0.100
776 1 5.709998607635498047 0.100
776 4 0.438571333885192871 0.100
920 0 0.010243233293294907 0.100
920 2 5.135282039642333984 0.100
1064 3 8.002416610717773438 0.100
1064 4 4.589122772216796875 0.100
57 0 5.960653305053710938 0.100
57 2 5.323692321777343750 0.100
57 3 4.300462722778320312 0.100
345 1 3.460686683654785156 0.100
345 2 5.048346996307373047 0.100
345 4 5.725780010223388672 0.100
489 1 2.445931196212768555 0.100
489 2 3.665663480758666992 0.100
489 4 5.365886688232421875 0.100
633 3 7.696064472198486328 0.100
777 3 1.648530244827270508 0.100
777 4 3.344685316085815430 0.100
921 2 3.036564111709594727 0.100
921 4 10.215991973876953125 0.100
1065 1 3.454192399978637695 0.100
1065 2 6.263021469116210938 0.100
1065 3 0.307002872228622437 0.100
1065 4 2.480691432952880859 0.100
58 1 11.914297103881835938 0.100
58 2 9.900161743164062500 0.100
58 3 6.353785514831542969 0.100
202 2 3.291369199752807617 0.100
202 3 8.842556953430175781 0.100
346 4 9.680432319641113281 0.100
490 1 2.742408990859985352 0.100
490 2 1.115276336669921875 0.100
490 4 5.605529785156250000 0.100
634 1 12.517527580261230469 0.100
634 3 7.090506076812744141 0.100
778 1 2.903196096420288086 0.100
778 2 7.403539180755615234 0.100
922 0 7.000372886657714844 0.100
1066 1 1.091012597084045410 0.100
1066 2 4.794828891754150391 0.100
1066 3 8.191398620605468750 0.100
59 2 4.789987564086914062 0.100
59 3 0.106879211962223053 0.100
59 4 12.052624702453613281 0.100
203 0 2.522463321685791016 0.100
203 2 0.540202498435974121 0.100
203 3 0.242062613368034363 0.100
203 4 3.202404737472534180 0.100
347 0 3.100197553634643555 0.100
347 2 7.257298946380615234 0.100
347 4 1.927035331726074219 0.100
491 0 3.385236978530883789 0.100
491 2 0.929079771041870117 0.100
491 3 1.168293714523315430 0.100
491 4 0.246675103902816772 0.100
635 4 10.308267593383789062 0.100
779 0 2.482778072357177734 0.100
779 1 3.215012311935424805 0.100
779 2 2.555786848068237305 0.100
779 3 0.123213857412338257 0.100
923 1 4.239530086517333984 0.100
923 2 0.776845276355743408 0.100
923 4 3.265562772750854492 0.100
1067 3 0.963024020195007324 0.100
60 0 4.482672214508056641 0.100
60 4 5.161867141723632812 0.100
204 2 6.010614395141601562 0.100
204 3 5.949386119842529297 0.100
204 4 7.905999183654785156 0.100
348 1 1.511113166809082031 0.100
492 2 2.304418563842773438 0.100
492 3 1.690977573394775391 0.100
492 4 13.172492027282714844 0.100
636 0 6.931660175323486328 0.100
636 2 3.405453205108642578 0.100
780 0 5.895635128021240234 0.100
780 2 6.436324119567871094 0.100
924 0 3.720922231674194336 0.100
924 2 2.026015281677246094 0.100
924 3 2.294743537902832031 0.100
924 4 2.618664264678955078 0.100
1068 1 1.578989505767822266 0.100
1068 2 5.826223373413085938 0.100
1068 3 4.443426609039306641 0.100
61 1 2.556010246276855469 0.100
61 3 3.843153476715087891 0.100
61 4 1.707418203353881836 0.100
205 0 11.804250717163085938 0.100
205 3 9.621203422546386719 0.100
205 4 0.617021083831787109 0.100
349 1 1.402478098869323730 0.100
349 2 2.141103267669677734 0.100
349 4 4.502210140228271484 0.100
493 2 2.051740646362304688 0.100
637 2 5.681699275970458984 0.100
781 4 16.417888641357421875 0.100
925 0 0.767483830451965332 0.100
925 3 7.885386466979980469 0.100
925 4 6.685265064239501953 0.100
1069 0 0.628345727920532227 0.100
1069 1 6.033948421478271484 0.100
1069 2 0.272229582071304321 0.100
62 4 7.975080013275146484 0.100
206 0 7.546897888183593750 0.100
206 4 10.532145500183105469 0.100
350 3 14.946434974670410156 0.100
350 4 1.563888430595397949 0.100
494 1 8.191157341003417969 0.100
494 2 4.928899765014648438 0.100
494 3 3.644713640213012695 0.100
494 4 5.092307567596435547 0.100
638 3 8.662439346313476562 0.100
638 4 2.348029375076293945 0.100
782 3 8.592605590820312500 0.100
782 4 3.517552137374877930 0.100
926 0 7.680529594421386719 0.100
926 1 2.363054275512695312 0.100
926 4 7.992500782012939453 0.100
1070 0 2.435699701309204102 0.100
1070 1 7.978780269622802734 0.100
1070 2 3.358674764633178711 0.100
63 2 2.209234237670898438 0.100
63 4 2.337904214859008789 0.100
207 0 6.592837810516357422 0.100
351 0 7.879105091094970703 0.100
351 1 4.107573986053466797 0.100
351 2 0.580876708030700684 0.100
351 3 3.927675008773803711 0.100
495 1 3.762117624282836914 0.100
495 3 2.990318059921264648 0.100
495 4 4.412202835083007812 0.100
639 0 1.479768514633178711 0.100
639 2 2.298192977905273438 0.100
639 4 2.966580629348754883 0.100
783 0 0.784767925739288330 0.100
783 4 3.580810785293579102 0.100
927 0 1.765485644340515137 0.100
927 4 8.539591789245605469 0.100
1071 1 7.909351825714111328 0.100
1071 3 0.408651798963546753 0.100
64 1 2.495387792587280273 0.100
64 3 0.690670371055603027 0.100
208 2 0.668663322925567627 0.100
208 4 9.182044982910156250 0.100
352 0 5.279230594635009766 0.100
352 1 7.037045955657958984 0.100
352 2 5.278837203979492188 0.100
496 0 3.875588178634643555 0.100
496 3 1.682572245597839355 0.100
640 1 5.144915580749511719 0.100
640 3 6.960618495941162109 0.100
784 0 7.966006278991699219 0.100
784 1 2.379040241241455078 0.100
784 4 1.748927593231201172 0.100
928 0 1.557540535926818848 0.100
928 4 7.033936977386474609 0.100
1072 0 11.513508796691894531 0.100
65 3 4.621769905090332031 0.100
65 4 3.539998769760131836 0.100
353 1 3.608378887176513672 0.100
353 2 1.767902851104736328 0.100
353 3 3.201219797134399414 0.100
497 0 7.282371044158935547 0.100
497 4 6.694654464721679688 0.100
641 0 6.452262878417968750 0.100
641 1 10.619308471679687500 0.100
785 0 0.539227008819580078 0.100
785 2 8.393661499023437500 0.100
785 4 9.420164108276367188 0.100
929 0 10.592620849609375000 0.100
929 2 2.480354070663452148 0.100
929 3 1.643567204475402832 0.100
1073 1 0.720659613609313965 0.100
1073 2 3.680191755294799805 0.100
1073 3 2.582979440689086914 0.100
66 0 3.813378334045410156 0.100
66 2 1.154728293418884277 0.100
66 4 6.709146499633789062 0.100
210 2 2.134933710098266602 0.100
210 3 2.177695751190185547 0.100
210 4 4.170273303985595703 0.100
354 2 5.485791683197021484 0.100
354 4 3.139757156372070312 0.100
498 1 3.320152044296264648 0.100
642 0 7.852450370788574219 0.100
642 1 1.899767518043518066 0.100
642 2 3.384733438491821289 0.100
642 4 0.052687246352434158 0.100
786 2 4.319227218627929688 0.100
930 3 3.347158193588256836 0.100
930 4 0.371239393949508667 0.100
1074 0 9.659882545471191406 0.100
67 3 3.478301763534545898 0.100
211 0 8.288044929504394531 0.100
355 0 8.830588340759277344 0.100
355 1 3.125588893890380859 0.100
355 3 8.295514106750488281 0.100
499 1 1.200312614440917969 0.100
499 2 8.222404479980468750 0.100
643 0 4.961332321166992188 0.100
787 0 9.257173538208007812 0.100
787 2 5.609722137451171875 0.100
931 0 3.314198255538940430 0.100
1075 1 0.784245967864990234 0.100
1075 2 4.310297012329101562 0.100
1075 4 5.712986946105957031 0.100
68 0 4.624071121215820312 0.100
68 1 10.256253242492675781 0.100
68 2 4.086821079254150391 0.100
212 0 2.000828981399536133 0.100
212 2 0.874985814094543457 0.100
356 1 1.025994420051574707 0.100
356 3 9.471424102783203125 0.100
500 2 6.283837795257568359 0.100
644 0 8.971557617187500000 0.100
644 3 5.403758525848388672 0.100
788 0 8.417724609375000000 0.100
788 2 2.069543123245239258 0.100
932 2 7.222081661224365234 0.100
1076 0 3.040289640426635742 0.100
1076 2 4.619384288787841797 0.100
69 0 9.524853706359863281 0.100
69 2 2.239056825637817383 0.100
69 4 3.396224021911621094 0.100
213 0 2.669746875762939453 0.100
213 1 7.880135536193847656 0.100
357 1 10.792728424072265625 0.100
357 4 0.740934312343597412 0.100
501 1 5.758610248565673828 0.100
501 3 9.191968917846679688 0.100
501 4 1.367671489715576172 0.100
645 0 10.259954452514648438 0.100
645 3 4.572378635406494141 0.100
645 4 3.310985565185546875 0.100
789 2 6.607485294342041016 0.100
789 3 2.226680278778076172 0.100
789 4 6.095336914062500000 0.100
933 0 5.716214656829833984 0.100
1077 0 1.545621871948242188 0.100
1077 1 0.933821380138397217 0.100
1077 4 3.244805574417114258 0.100
70 1 14.720354080200195312 0.100
70 3 4.349403381347656250 0.100
214 0 4.185883522033691406 0.100
214 1 5.297542095184326172 0.100
214 3 0.732682406902313232 0.100
358 0 8.251583099365234375 0.100
502 1 4.823035240173339844 0.100
502 2 3.916368246078491211 0.100
502 3 6.277945041656494141 0.100
646 0 5.435586929321289062 0.100
646 1 1.992891550064086914 0.100
646 2 4.621528148651123047 0.100
646 4 6.534100055694580078 0.100
790 0 0.623591184616088867 0.100
790 2 0.248056933283805847 0.100
934 1 3.411768913269042969 0.100
1078 0 0.489227324724197388 0.100
1078 1 4.387611865997314453 0.100
1078 3 3.559591054916381836 0.100
71 0 4.202623844146728516 0.100
71 1 2.329100370407104492 0.100
71 2 9.463990211486816406 0.100
215 2 2.655776739120483398 0.100
215 3 6.839672088623046875 0.100
359 1 11.134143829345703125 0.100
503 3 0.057198699563741684 0.100
647 0 7.613961219787597656 0.100
647 1 5.090962409973144531 0.100
647 2 3.522677659988403320 0.100
791 1 10.128400802612304688 0.100
791 3 0.384562313556671143 0.100
935 0 1.225373148918151855 0.100
935 1 0.746362924575805664 0.100
1079 0 1.944244623184204102 0.100
1079 2 3.199505567550659180 0.100
72 1 2.849390506744384766 0.100
216 1 5.699443817138671875 0.100
216 3 3.511336565017700195 0.100
360 2 4.153686523437500000 0.100
360 4 2.002702713012695312 0.100
504 3 1.266585707664489746 0.100
504 4 3.645465135574340820 0.100
648 3 1.098159432411193848 0.100
648 4 2.736816167831420898 0.100
792 3 4.375211238861083984 0.100
936 0 5.762008666992187500 0.100
1080 0 4.947890281677246094 0.100
1080 3 2.383677959442138672 0.100
73 1 6.337286472320556641 0.100
73 4 9.807550430297851562 0.100
217 0 9.444362640380859375 0.100
217 3 2.514034032821655273 0.100
361 1 0.401413470506668091 0.100
361 3 10.191692352294921875 0.100
361 4 0.064975015819072723 0.100
505 0 5.231359958648681641 0.100
505 3 0.022598063573241234 0.100
505 4 7.297737598419189453 0.100
649 4 2.147851705551147461 0.100
793 3 2.851820230484008789 0.100
793 4 10.239102363586425781 0.100
937 0 11.622828483581542969 0.100
937 3 4.858174324035644531 0.100
1081 0 5.961807250976562500 0.100
1081 3 2.926687002182006836 0.100
1081 4 10.009385108947753906 0.100
74 0 5.452730178833007812 0.100
74 2 0.338969975709915161 0.100
74 3 0.207641065120697021 0.100
74 4 11.017747879028320312 0.100
218 0 6.448025226593017578 0.100
218 2 2.992851495742797852 0.100
218 4 10.276663780212402344 0.100
362 1 0.971410572528839111 0.100
362 2 8.822395324707031250 0.100
506 0 3.869704008102416992 0.100
506 3 8.287360191345214844 0.100
650 2 6.778300762176513672 0.100
650 3 10.251814842224121094 0.100
650 4 4.297940731048583984 0.100
794 0 10.008512496948242188 0.100
794 1 9.173536300659179688 0.100
794 3 2.649342060089111328 0.100
938 0 6.378933906555175781 0.100
938 1 0.527443945407867432 0.100
938 4 9.521819114685058594 0.100
1082 0 7.938598155975341797 0.100
1082 4 8.315139770507812500 0.100
75 3 12.929629325866699219 0.100
219 1 2.123103618621826172 0.100
219 3 2.390982389450073242 0.100
363 3 2.606644392013549805 0.100
363 4 2.953024148941040039 0.100
507 1 0.183866575360298157 0.100
651 0 4.765192508697509766 0.100
651 3 1.968360185623168945 0.100
795 1 6.984108924865722656 0.100
795 2 0.276376575231552124 0.100
795 3 3.385686635971069336 0.100
939 1 2.656662702560424805 0.100
939 2 5.258573055267333984 0.100
1083 0 8.853671073913574219 0.100
1083 1 7.566858768463134766 0.100
76 0 3.150203227996826172 0.100
76 1 7.113491535186767578 0.100
220 1 7.679092884063720703 0.100
220 2 3.921860933303833008 0.100
220 3 3.085129737854003906 0.100
364 2 4.016446590423583984 0.100
364 3 0.948695600032806396 0.100
508 2 4.603734016418457031 0.100
508 4 4.874825954437255859 0.100
652 0 6.286308765411376953 0.100
652 3 2.042746782302856445 0.100
652 4 2.335577011108398438 0.100
796 1 6.016753673553466797 0.100
796 3 0.447571575641632080 0.100
796 4 2.240447521209716797 0.100
940 1 10.685718536376953125 0.100
940 3 4.245837688446044922 0.100
1084 1 2.384644985198974609 0.100
1084 4 2.080538034439086914 0.100
77 1 4.068195819854736328 0.100
77 2 1.860844612121582031 0.100
77 3 2.955773830413818359 0.100
77 4 0.540291309356689453 0.100
221 1 4.302073001861572266 0.100
221 4 5.039724826812744141 0.100
365 0 0.821788072586059570 0.100
365 2 12.235671043395996094 0.100
509 1 9.868457794189453125 0.100
509 3 2.227060317993164062 0.100
653 0 6.766273021697998047 0.100
653 3 7.676553726196289062 0.100
653 4 2.589107036590576172 0.100
797 0 6.813506126403808594 0.100
797 1 6.981181621551513672 0.100
797 2 3.592696905136108398 0.100
797 3 1.380351901054382324 0.100
941 3 3.949090480804443359 0.100
941 4 0.847546935081481934 0.100
1085 0 3.743375062942504883 0.100
1085 2 7.733628749847412109 0.100
1085 3 3.092213869094848633 0.100
78 2 4.756521701812744141 0.100
78 3 3.357553720474243164 0.100
78 4 3.109994411468505859 0.100
222 1 0.904354393482208252 0.100
222 2 1.401157855987548828 0.100
222 3 0.983049869537353516 0.100
222 4 3.606616973876953125 0.100
366 0 1.157664418220520020 0.100
366 1 2.830053091049194336 0.100
510 3 1.170500278472900391 0.100
654 0 3.329565763473510742 0.100
654 1 4.753590583801269531 0.100
654 4 3.433866739273071289 0.100
798 0 13.763689994812011719 0.100
798 1 15.270739555358886719 0.100
942 1 2.740736961364746094 0.100
942 4 11.808215141296386719 0.100
1086 1 3.300201416015625000 0.100
1086 3 5.556638240814208984 0.100
1086 4 0.094960786402225494 0.100
79 2 10.632610321044921875 0.100
79 3 1.600335955619812012 0.100
79 4 2.689853906631469727 0.100
223 2 0.672146141529083252 0.100
223 3 4.624692440032958984 0.100
367 0 6.838918685913085938 0.100
367 3 4.252231597900390625 0.100
367 4 6.136423110961914062 0.100
511 0 7.497978210449218750 0.100
511 2 0.377564370632171631 0.100
511 3 0.640271186828613281 0.100
655 1 5.241271972656250000 0.100
655 4 5.109220504760742188 0.100
799 4 11.844967842102050781 0.100
943 0 13.226882934570312500 0.100
943 2 3.033388376235961914 0.100
943 3 9.768255233764648438 0.100
1087 0 10.316187858581542969 0.100
1087 3 4.993402957916259766 0.100
1087 4 3.962780952453613281 0.100
80 0 7.292672634124755859 0.100
80 1 5.731443405151367188 0.100
80 3 3.310025691986083984 0.100
224 3 7.690312385559082031 0.100
512 3 1.542507171630859375 0.100
656 3 0.352339118719100952 0.100
656 4 7.029813289642333984 0.100
800 0 7.109305858612060547 0.100
800 2 6.388692378997802734 0.100
944 2 5.590496540069580078 0.100
944 4 4.034788131713867188 0.100
1088 0 0.796300172805786133 0.100
1088 2 7.336146354675292969 0.100
1088 4 9.985047340393066406 0.100
81 2 5.971055030822753906 0.100
81 3 9.160270690917968750 0.100
81 4 2.368697643280029297 0.100
225 1 6.905878543853759766 0.100
225 2 0.336326807737350464 0.100
225 4 4.990903377532958984 0.100
369 1 8.099937438964843750 0.100
513 0 2.529533147811889648 0.100
513 2 6.269273757934570312 0.100
513 3 4.951502323150634766 0.100
657 2 4.397864818572998047 0.100
657 3 6.041929244995117188 0.100
657 4 4.026432991027832031 0.100
801 1 4.062995433807373047 0.100
801 2 16.069515228271484375 0.100
801 3 6.899206638336181641 0.100
945 0 10.567599296569824219 0.100
945 2 0.613355517387390137 0.100
1089 0 8.113595008850097656 0.100
1089 1 2.968483209609985352 0.100
1089 3 6.543723583221435547 0.100
1089 4 1.576404452323913574 0.100
82 0 9.250067710876464844 0.100
82 2 2.482425928115844727 0.100
226 0 0.881668865680694580 0.100
226 1 9.004574775695800781 0.100
226 3 8.311103820800781250 0.100
370 2 14.229404449462890625 0.100
370 3 7.236891269683837891 0.100
514 1 2.353911161422729492 0.100
514 3 0.609168350696563721 0.100
658 0 3.816449165344238281 0.100
658 2 13.420465469360351562 0.100
658 3 7.344893932342529297 0.100
802 2 6.381165981292724609 0.100
946 1 10.981527328491210938 0.100
1090 0 1.115534543991088867 0.100
1090 1 2.417187452316284180 0.100
83 0 6.441832542419433594 0.100
83 1 8.001245498657226562 0.100
83 4 1.931418895721435547 0.100
227 2 8.487996101379394531 0.100
371 3 0.647764444351196289 0.100
371 4 6.292441368103027344 0.100
515 1 9.962086677551269531 0.100
515 4 5.196262359619140625 0.100
659 0 5.686322212219238281 0.100
659 1 2.909439086914062500 0.100
803 0 2.252906799316406250 0.100
803 1 6.167164325714111328 0.100
803 3 2.366755723953247070 0.100
947 0 1.552904367446899414 0.100
947 2 12.466144561767578125 0.100
1091 0 0.114505432546138763 0.100
1091 1 0.473746746778488159 0.100
1091 3 3.231738090515136719 0.100
84 1 1.725325226783752441 0.100
84 2 5.571967601776123047 0.100
84 3 0.611497938632965088 0.100
84 4 4.411066532135009766 0.100
228 0 7.751916885375976562 0.100
228 3 4.118355274200439453 0.100
372 3 0.509463846683502197 0.100
372 4 4.961938381195068359 0.100
516 0 1.985388398170471191 0.100
516 1 0.584636270999908447 0.100
516 3 3.779208421707153320 0.100
516 4 3.234382390975952148 0.100
660 0 7.523660659790039062 0.100
660 2 5.924448490142822266 0.100
804 2 8.243313789367675781 0.100
804 4 8.319235801696777344 0.100
948 1 5.502809047698974609 0.100
1092 0 4.974815845489501953 0.100
1092 1 8.024106979370117188 0.100
85 3 1.327174663543701172 0.100
85 4 11.336932182312011719 0.100
229 0 14.583906173706054688 0.100
229 1 1.628995180130004883 0.100
229 3 2.291631937026977539 0.100
373 0 0.374673962593078613 0.100
373 3 5.210861206054687500 0.100
517 1 2.381695985794067383 0.100
517 2 5.450443744659423828 0.100
661 2 5.217203140258789062 0.100
661 3 3.520032882690429688 0.100
661 4 12.140349388122558594 0.100
805 1 4.535136222839355469 0.100
805 2 6.003903865814208984 0.100
949 0 1.553553819656372070 0.100
949 2 3.700764894485473633 0.100
1093 0 3.457289934158325195 0.100
1093 2 4.979935169219970703 0.100
86 0 8.053144454956054688 0.100
86 3 3.507577180862426758 0.100
230 0 9.767078399658203125 0.100
230 2 2.986689329147338867 0.100
230 4 8.833977699279785156 0.100
374 0 7.836043357849121094 0.100
518 1 0.365886718034744263 0.100
662 0 3.766736030578613281 0.100
662 1 0.643103957176208496 0.100
662 3 4.163954257965087891 0.100
806 3 12.355086326599121094 0.100
950 0 5.022056579589843750 0.100
1094 1 5.068702697753906250 0.100
1094 2 4.888483047485351562 0.100
1094 4 8.632846832275390625 0.100
87 0 6.801432609558105469 0.100
87 1 4.080721378326416016 0.100
87 4 8.304472923278808594 0.100
231 0 4.699670791625976562 0.100
231 1 8.198378562927246094 0.100
375 0 5.428929805755615234 0.100
375 2 1.225339174270629883 0.100
519 0 2.209658145904541016 0.100
519 2 1.862289905548095703 0.100
519 4 5.816551208496093750 0.100
663 0 4.788957118988037109 0.100
663 1 6.489857673645019531 0.100
663 3 0.529938757419586182 0.100
807 0 9.581113815307617188 0.100
807 1 0.318471610546112061 0.100
807 4 10.000659942626953125 0.100
951 0 5.588841438293457031 0.100
951 1 1.664933443069458008 0.100
951 3 10.600956916809082031 0.100
1095 0 6.219873428344726562 0.100
1095 1 11.083307266235351562 0.100
1095 3 5.959092140197753906 0.100
88 0 2.179062604904174805 0.100
88 3 8.663922309875488281 0.100
88 4 2.436421155929565430 0.100
232 1 5.556374549865722656 0.100
232 3 2.030341863632202148 0.100
376 3 0.700645208358764648 0.100
376 4 7.841181278228759766 0.100
520 0 6.051471710205078125 0.100
520 2 3.420984029769897461 0.100
520 4 6.777916908264160156 0.100
664 0 1.872704267501831055 0.100
664 1 0.672744750976562500 0.100
664 4 1.016985893249511719 0.100
808 1 3.458024740219116211 0.100
808 2 9.444912910461425781 0.100
952 1 8.677376747131347656 0.100
952 4 0.328241616487503052 0.100
1096 1 0.566571414470672607 0.100
1096 2 1.797907233238220215 0.100
1096 4 8.038598060607910156 0.100
89 0 16.160104751586914062 0.100
89 3 4.949443817138671875 0.100
233 1 1.565969824790954590 0.100
233 4 1.326109409332275391 0.100
377 0 3.583974599838256836 0.100
377 3 1.591132283210754395 0.100
521 0 2.727191686630249023 0.100
521 1 11.572045326232910156 0.100
521 3 8.135368347167968750 0.100
665 0 2.657809734344482422 0.100
665 2 10.133454322814941406 0.100
809 0 8.156188011169433594 0.100
809 1 5.030595779418945312 0.100
809 2 3.018485784530639648 0.100
809 3 1.742666125297546387 0.100
953 2 0.563552379608154297 0.100
953 3 8.488292694091796875 0.100
953 4 2.192594528198242188 0.100
1097 1 8.968880653381347656 0.100
1097 3 10.931692123413085938 0.100
90 1 5.667063236236572266 0.100
234 2 2.365650892257690430 0.100
378 0 4.267823696136474609 0.100
378 2 6.335862636566162109 0.100
378 4 2.700836896896362305 0.100
522 1 8.352799415588378906 0.100
522 3 6.574333667755126953 0.100
522 4 4.826029777526855469 0.100
666 0 10.784814834594726562 0.100
666 3 1.717514634132385254 0.100
666 4 2.733214855194091797 0.100
810 0 0.743896663188934326 0.100
810 1 5.193949699401855469 0.100
810 2 5.282793998718261719 0.100
810 3 1.661739468574523926 0.100
810 4 1.836845278739929199 0.100
954 1 5.218615055084228516 0.100
954 2 12.859103202819824219 0.100
954 4 2.804760456085205078 0.100
1098 2 13.719241142272949219 0.100
1098 3 1.313792943954467773 0.100
91 0 1.563124418258666992 0.100
91 1 2.293037176132202148 0.100
91 2 6.200376510620117188 0.100
235 1 11.154929161071777344 0.100
235 4 7.160327911376953125 0.100
379 0 7.786245346069335938 0.100
523 1 4.349905967712402344 0.100
523 2 3.790881395339965820 0.100
523 3 7.086812019348144531 0.100
667 1 2.637905836105346680 0.100
811 1 7.524150848388671875 0.100
811 2 5.802203655242919922 0.100
811 3 7.878130435943603516 0.100
811 4 0.013426899909973145 0.100
955 0 6.297338962554931641 0.100
955 1 2.062393426895141602 0.100
955 3 0.592506945133209229 0.100
1099 0 0.680863797664642334 0.100
1099 2 0.042260006070137024 0.100
1099 4 3.297199726104736328 0.100
92 2 4.748731136322021484 0.100
92 3 5.719830989837646484 0.100
236 4 3.758007049560546875 0.100
380 2 9.218021392822265625 0.100
380 4 2.357990503311157227 0.100
524 0 5.177870273590087891 0.100
524 3 0.025918491184711456 0.100
668 2 5.977623462677001953 0.100
668 3 1.317722558975219727 0.100
668 4 4.368877410888671875 0.100
812 0 1.830378890037536621 0.100
812 1 1.657676100730895996 0.100
812 3 1.584406971931457520 0.100
956 1 4.995753765106201172 0.100
956 3 2.058273077011108398 0.100
1100 1 3.548408508300781250 0.100
1100 3 5.646770000457763672 0.100
1100 4 8.719036102294921875 0.100
93 1 1.870544433593750000 0.100
93 3 6.568597316741943359 0.100
93 4 4.731029033660888672 0.100
237 3 0.215019658207893372 0.100
237 4 7.843013286590576172 0.100
381 1 6.346784114837646484 0.100
525 2 11.369518280029296875 0.100
525 4 6.941150188446044922 0.100
669 0 0.560267567634582520 0.100
669 1 2.714328765869140625 0.100
669 2 5.462828159332275391 0.100
669 3 2.406333923339843750 0.100
669 4 0.517338156700134277 0.100
813 0 1.312844514846801758 0.100
813 1 6.365155696868896484 0.100
813 4 1.095885038375854492 0.100
957 3 6.614110469818115234 0.100
957 4 10.600462913513183594 0.100
1101 0 6.609370708465576172 0.100
1101 4 6.795375823974609375 0.100
94 2 12.981688499450683594 0.100
94 3 0.712736070156097412 0.100
238 0 8.973475456237792969 0.100
238 1 9.666788101196289062 0.100
238 3 5.972778797149658203 0.100
382 0 10.272201538085937500 0.100
382 1 3.296338558197021484 0.100
382 2 9.719050407409667969 0.100
526 1 4.827170372009277344 0.100
526 3 6.133408069610595703 0.100
526 4 9.419387817382812500 0.100
670 1 1.734427452087402344 0.100
670 2 8.439474105834960938 0.100
814 2 0.846683919429779053 0.100
814 4 1.224784851074218750 0.100
958 0 2.264228105545043945 0.100
958 1 4.032786846160888672 0.100
958 3 10.046476364135742188 0.100
1102 1 5.728300094604492188 0.100
1102 3 11.538955688476562500 0.100
1102 4 4.479195594787597656 0.100
95 0 11.984612464904785156 0.100
95 1 10.948575973510742188 0.100
95 3 3.256685256958007812 0.100
383 2 8.185773849487304688 0.100
383 3 7.203102111816406250 0.100
527 0 3.991916894912719727 0.100
527 2 3.180178880691528320 0.100
671 2 1.132225275039672852 0.100
671 3 3.799381971359252930 0.100
815 0 1.675921440124511719 0.100
815 1 5.997628688812255859 0.100
815 2 8.136880874633789062 0.100
959 0 2.448910713195800781 0.100
959 1 0.040776647627353668 0.100
959 2 12.922097206115722656 0.100
1103 0 1.367915987968444824 0.100
1103 1 10.223651885986328125 0.100
1103 2 13.221456527709960938 0.100
96 2 10.712859153747558594 0.100
96 4 3.746645212173461914 0.100
240 0 7.103187084197998047 0.100
240 1 10.324593544006347656 0.100
240 2 0.452825725078582764 0.100
384 0 3.951905727386474609 0.100
384 1 0.317448973655700684 0.100
384 3 4.450980186462402344 0.100
384 4 7.249377727508544922 0.100
528 1 12.682881355285644531 0.100
528 2 14.036400794982910156 0.100
672 1 0.046989992260932922 0.100
672 3 5.887536048889160156 0.100
816 3 6.394432544708251953 0.100
816 4 0.333068162202835083 0.100
960 0 0.999952137470245361 0.100
960 1 5.087449073791503906 0.100
1104 0 0.686980605125427246 0.100
1104 1 9.248018264770507812 0.100
1104 2 6.735261917114257812 0.100
1104 3 3.742746114730834961 0.100
97 0 5.707637310028076172 0.100
97 2 0.214544028043746948 0.100
97 3 2.951881170272827148 0.100
241 1 0.677293241024017334 0.100
241 2 0.469022929668426514 0.100
241 4 7.558464527130126953 0.100
385 0 1.179387927055358887 0.100
385 1 3.899630784988403320 0.100
529 0 6.227008819580078125 0.100
529 1 9.422222137451171875 0.100
529 3 5.940079212188720703 0.100
673 2 4.546871185302734375 0.100
817 1 12.534502029418945312 0.100
961 0 2.185838222503662109 0.100
961 1 2.199067831039428711 0.100
961 2 4.315957546234130859 0.100
961 3 3.845960140228271484 0.100
961 4 5.873650550842285156 0.100
98 1 13.967199325561523438 0.100
98 3 2.236390829086303711 0.100
242 0 1.841243982315063477 0.100
242 3 7.742594242095947266 0.100
386 0 12.011512756347656250 0.100
386 2 7.191330909729003906 0.100
386 4 13.032423973083496094 0.100
530 0 0.064194306731224060 0.100
530 1 4.618910312652587891 0.100
530 2 0.247566148638725281 0.100
530 4 9.739204406738281250 0.100
674 0 3.474584341049194336 0.100
674 3 7.840226173400878906 0.100
818 0 1.224732756614685059 0.100
818 4 4.158779621124267578 0.100
962 1 2.574697017669677734 0.100
962 3 0.051996149122714996 0.100
1106 0 10.683737754821777344 0.100
99 0 4.760942459106445312 0.100
99 3 2.491942882537841797 0.100
99 4 2.616368293762207031 0.100
243 0 10.583118438720703125 0.100
243 3 3.202068328857421875 0.100
387 2 2.733490228652954102 0.100
387 3 16.809455871582031250 0.100
531 0 4.015536785125732422 0.100
531 2 6.128582954406738281 0.100
675 0 9.533714294433593750 0.100
675 3 11.218418121337890625 0.100
675 4 5.334820270538330078 0.100
819 0 1.193576097488403320 0.100
819 2 1.295724868774414062 0.100
963 0 4.141422748565673828 0.100
963 1 3.875934839248657227 0.100
963 3 6.091991901397705078 0.100
1107 3 7.132642269134521484 0.100
1107 4 0.884153068065643311 0.100
100 0 0.021978503093123436 0.100
100 4 1.144416451454162598 0.100
244 2 7.487877845764160156 0.100
244 3 8.893904685974121094 0.100
388 0 4.727869033813476562 0.100
388 1 3.472387313842773438 0.100
388 4 4.286708354949951172 0.100
532 0 0.159638553857803345 0.100
532 1 3.001601934432983398 0.100
532 3 4.587257385253906250 0.100
676 0 10.215739250183105469 0.100
676 1 0.536306142807006836 0.100
676 3 2.137549400329589844 0.100
820 0 4.141745090484619141 0.100
820 2 1.496350049972534180 0.100
964 2 4.928127288818359375 0.100
1108 0 4.455208301544189453 0.100
1108 3 10.195116043090820312 0.100
101 1 1.237771153450012207 0.100
101 2 4.585724830627441406 0.100
101 4 7.969525814056396484 0.100
245 2 3.736743927001953125 0.100
245 4 7.817787647247314453 0.100
389 1 12.947871208190917969 0.100
389 3 5.229298591613769531 0.100
533 0 1.869055390357971191 0.100
533 3 6.868072986602783203 0.100
533 4 4.809201717376708984 0.100
677 1 13.718976020812988281 0.100
677 2 8.217889785766601562 0.100
821 0 2.144345283508300781 0.100
821 4 0.270981788635253906 0.100
965 0 1.225597143173217773 0.100
965 2 0.260906934738159180 0.100
965 3 6.824389457702636719 0.100
1109 2 8.319363594055175781 0.100
102 2 4.418963909149169922 0.100
102 3 2.904329538345336914 0.100
246 0 2.187015533447265625 0.100
246 4 4.319713115692138672 0.100
390 3 3.996209859848022461 0.100
390 4 6.757330417633056641 0.100
534 1 15.228652000427246094 0.100
534 2 1.855337023735046387 0.100
534 3 6.209339141845703125 0.100
678 2 5.432938575744628906 0.100
678 4 2.089870214462280273 0.100
822 3 0.683411359786987305 0.100
966 0 10.344107627868652344 0.100
966 1 9.116146087646484375 0.100
1110 0 2.379983425140380859 0.100
1110 3 1.209082961082458496 0.100
103 1 3.304291009902954102 0.100
103 3 7.490839481353759766 0.100
247 0 3.819645881652832031 0.100
247 4 7.048929691314697266 0.100
391 1 3.053800106048583984 0.100
391 2 3.540623664855957031 0.100
391 4 1.029606342315673828 0.100
535 1 4.222083091735839844 0.100
535 2 6.198598861694335938 0.100
535 3 8.620072364807128906 0.100
535 4 4.456007480621337891 0.100
679 3 11.250774383544921875 0.100
679 4 7.672458648681640625 0.100
823 0 4.586861610412597656 0.100
823 4 8.073825836181640625 0.100
967 0 0.287914812564849854 0.100
967 1 2.582741022109985352 0.100
967 3 0.856687843799591064 0.100
1111 0 2.141027212142944336 0.100
1111 2 4.351216316223144531 0.100
104 0 3.025660753250122070 0.100
104 2 11.055342674255371094 0.100
248 0 0.119085803627967834 0.100
248 1 1.624863386154174805 0.100
248 4 5.616730690002441406 0.100
392 1 2.296485900878906250 0.100
392 2 4.129432678222656250 0.100
392 3 2.185442209243774414 0.100
536 2 4.637959003448486328 0.100
536 4 1.290579438209533691 0.100
680 2 2.650868654251098633 0.100
824 1 5.960561752319335938 0.100
824 3 2.521691799163818359 0.100
824 4 0.979261338710784912 0.100
968 0 12.395061492919921875 0.100
968 1 0.362363666296005249 0.100
968 4 4.904685497283935547 0.100
1112 0 2.514250278472900391 0.100
1112 4 10.831167221069335938 0.100
105 1 3.453828096389770508 0.100
105 2 1.214438080787658691 0.100
105 3 4.465326309204101562 0.100
249 1 12.041122436523437500 0.100
393 0 5.479883193969726562 0.100
393 2 8.699387550354003906 0.100
537 1 2.385128498077392578 0.100
537 3 2.456499099731445312 0.100
537 4 4.098735332489013672 0.100
681 0 2.561639070510864258 0.100
681 1 7.321210861206054688 0.100
681 2 6.521747589111328125 0.100
681 3 3.341197252273559570 0.100
825 0 1.496683239936828613 0.100
825 2 5.334425449371337891 0.100
825 3 5.205250740051269531 0.100
825 4 1.780270576477050781 0.100
969 4 9.629687309265136719 0.100
1113 1 5.007635593414306641 0.100
1113 2 2.779420852661132812 0.100
1113 4 12.075229644775390625 0.100
106 1 11.823886871337890625 0.100
106 3 6.573993206024169922 0.100
250 1 8.257301330566406250 0.100
250 2 8.635413169860839844 0.100
394 0 7.949344635009765625 0.100
394 1 5.591532230377197266 0.100
394 3 7.183503627777099609 0.100
538 1 4.898145675659179688 0.100
538 3 3.945005416870117188 0.100
538 4 2.451901197433471680 0.100
682 2 5.614972114562988281 0.100
682 4 1.120140194892883301 0.100
826 0 6.009827136993408203 0.100
826 1 1.135251760482788086 0.100
826 2 0.713146388530731201 0.100
826 4 2.931139469146728516 0.100
970 1 9.323486328125000000 0.100
970 3 3.470073699951171875 0.100
1114 1 8.538325309753417969 0.100
1114 3 3.614115476608276367 0.100
1114 4 4.218960285186767578 0.100
107 2 8.505925178527832031 0.100
107 4 5.289640426635742188 0.100
251 2 0.577500462532043457 0.100
251 3 8.895232200622558594 0.100
395 0 2.494202375411987305 0.100
395 2 4.849240779876708984 0.100
395 3 0.708239555358886719 0.100
395 4 4.152230739593505859 0.100
539 2 4.332295894622802734 0.100
539 4 4.004139900207519531 0.100
683 2 3.332537412643432617 0.100
683 3 0.028157949447631836 0.100
827 1 6.891732215881347656 0.100
971 0 3.584015846252441406 0.100
971 2 0.901830673217773438 0.100
971 4 8.490269660949707031 0.100
1115 1 2.204325437545776367 0.100
1115 4 0.369080543518066406 0.100
108 1 7.742234706878662109 0.100
108 2 7.905766010284423828 0.100
108 3 0.387290388345718384 0.100
108 4 0.429528743028640747 0.100
252 0 4.415373802185058594 0.100
396 0 2.203749895095825195 0.100
396 1 3.555867433547973633 0.100
396 2 1.697040200233459473 0.100
540 0 0.198991835117340088 0.100
540 1 12.535107612609863281 0.100
540 3 4.429116249084472656 0.100
540 4 0.176541462540626526 0.100
684 2 2.057869434356689453 0.100
684 3 12.607341766357421875 0.100
828 2 3.863827228546142578 0.100
828 4 3.063578128814697266 0.100
972 1 1.255957245826721191 0.100
972 2 3.812839984893798828 0.100
972 4 12.214346885681152344 0.100
1116 1 6.741977691650390625 0.100
1116 3 2.815590858459472656 0.100
1116 4 4.587292671203613281 0.100
109 3 0.289944529533386230 0.100
253 0 5.269428253173828125 0.100
253 1 2.749794244766235352 0.100
253 2 6.556469440460205078 0.100
397 0 1.050673842430114746 0.100
397 1 2.068443298339843750 0.100
397 4 4.387315273284912109 0.100
541 0 0.380748569965362549 0.100
541 1 0.068258129060268402 0.100
541 2 1.009149670600891113 0.100
685 3 0.087033703923225403 0.100
829 0 2.885469198226928711 0.100
829 3 5.958581447601318359 0.100
829 4 2.187124729156494141 0.100
973 1 3.525179386138916016 0.100
973 2 11.099061965942382812 0.100
973 4 2.446493387222290039 0.100
1117 0 7.455167770385742188 0.100
1117 2 7.918860912322998047 0.100
1117 3 3.571581840515136719 0.100
1117 4 3.940916061401367188 0.100
110 1 7.507482528686523438 0.100
110 2 11.380915641784667969 0.100
110 4 4.381933689117431641 0.100
254 0 2.343467473983764648 0.100
254 1 8.399445533752441406 0.100
398 0 1.406329870223999023 0.100
542 2 7.699742794036865234 0.100
542 3 7.290939807891845703 0.100
542 4 8.538901329040527344 0.100
686 0 14.931382179260253906 0.100
686 1 11.519599914550781250 0.100
830 0 5.244555473327636719 0.100
830 3 5.615241050720214844 0.100
830 4 4.063447475433349609 0.100
974 1 1.635172486305236816 0.100
974 3 5.997025966644287109 0.100
974 4 0.627830088138580322 0.100
1118 0 5.997536659240722656 0.100
1118 3 6.418734073638916016 0.100
111 2 3.302800178527832031 0.100
111 3 11.141532897949218750 0.100
111 4 6.125839710235595703 0.100
255 0 3.428627252578735352 0.100
255 1 2.803817749023437500 0.100
255 4 2.792485237121582031 0.100
399 1 5.129923820495605469 0.100
399 2 5.635908126831054688 0.100
399 4 7.698587417602539062 0.100
543 1 3.150911331176757812 0.100
543 2 2.531285762786865234 0.100
543 3 9.141204833984375000 0.100
687 1 3.490869283676147461 0.100
687 2 3.482126951217651367 0.100
687 4 1.791719794273376465 0.100
831 0 4.260027885437011719 0.100
975 3 2.824386596679687500 0.100
1119 0 14.344369888305664062 0.100
1119 1 12.560070037841796875 0.100
112 0 5.773796558380126953 0.100
112 1 6.633666992187500000 0.100
112 3 5.182383537292480469 0.100
256 2 6.385956764221191406 0.100
400 0 4.008907794952392578 0.100
400 2 5.406692981719970703 0.100
400 3 5.172873497009277344 0.100
544 0 6.204248428344726562 0.100
544 3 9.111721992492675781 0.100
688 2 3.262517690658569336 0.100
688 4 3.546806812286376953 0.100
832 0 2.675865650177001953 0.100
832 2 5.330887794494628906 0.100
832 3 2.784239292144775391 0.100
976 1 1.295209050178527832 0.100
976 2 13.664596557617187500 0.100
1120 1 1.750558733940124512 0.100
1120 2 2.111623764038085938 0.100
1120 3 4.483513355255126953 0.100
1120 4 1.163358211517333984 0.100
113 0 4.041256427764892578 0.100
113 2 7.674967765808105469 0.100
257 0 2.227406501770019531 0.100
257 2 8.579756736755371094 0.100
401 0 5.336948394775390625 0.100
401 3 5.080079555511474609 0.100
545 3 6.575715065002441406 0.100
689 1 11.812076568603515625 0.100
689 2 0.438012868165969849 0.100
689 3 5.252955913543701172 0.100
833 0 1.809568524360656738 0.100
833 2 4.167253971099853516 0.100
833 3 7.222095012664794922 0.100
977 2 11.935559272766113281 0.100
977 3 1.190230846405029297 0.100
977 4 1.681776762008666992 0.100
1121 0 2.533462762832641602 0.100
1121 1 3.526612043380737305 0.100
1121 2 0.310192257165908813 0.100
1121 4 0.718077480792999268 0.100
114 2 0.613387644290924072 0.100
258 0 4.929703712463378906 0.100
258 2 3.096917152404785156 0.100
258 4 1.577580571174621582 0.100
402 1 1.042341828346252441 0.100
402 4 3.772857427597045898 0.100
546 2 2.358145475387573242 0.100
546 3 6.725228786468505859 0.100
690 1 6.175577640533447266 0.100
690 2 3.459384441375732422 0.100
690 3 0.531941831111907959 0.100
834 2 1.604787945747375488 0.100
834 4 9.110325813293457031 0.100
978 0 0.160359978675842285 0.100
978 1 1.992374539375305176 0.100
1122 1 0.564395546913146973 0.100
1122 4 0.179490566253662109 0.100
115 0 9.108364105224609375 0.100
115 3 3.597687721252441406 0.100
115 4 8.206501960754394531 0.100
259 0 2.316133975982666016 0.100
259 4 1.648362636566162109 0.100
403 1 1.823515892028808594 0.100
403 2 8.109992980957031250 0.100
403 3 6.342284202575683594 0.100
547 1 10.577361106872558594 0.100
547 2 0.666920185089111328 0.100
547 3 6.475384235382080078 0.100
691 2 17.728979110717773438 0.100
835 0 1.476319193840026855 0.100
835 2 7.378829002380371094 0.100
835 4 4.460936546325683594 0.100
979 1 1.065012574195861816 0.100
979 3 1.002632856369018555 0.100
979 4 3.093539476394653320 0.100
1123 0 2.471153497695922852 0.100
1123 2 5.709783077239990234 0.100
1123 4 9.404691696166992188 0.100
116 1 12.818675041198730469 0.100
116 2 6.839634895324707031 0.100
116 4 9.149108886718750000 0.100
260 0 2.158347845077514648 0.100
260 4 9.864576339721679688 0.100
404 1 8.308223724365234375 0.100
404 2 3.744878530502319336 0.100
548 0 4.663636207580566406 0.100
548 1 0.938315451145172119 0.100
548 2 5.961046218872070312 0.100
548 4 6.948144435882568359 0.100
692 1 8.466049194335937500 0.100
692 2 0.500502943992614746 0.100
692 3 6.043651580810546875 0.100
836 0 0.210037767887115479 0.100
836 1 2.025059223175048828 0.100
836 4 11.553522109985351562 0.100
980 2 4.588840484619140625 0.100
980 3 0.070223577320575714 0.100
980 4 8.974060058593750000 0.100
1124 1 5.520098209381103516 0.100
1124 2 8.769841194152832031 0.100
1124 4 12.631012916564941406 0.100
117 0 14.961302757263183594 0.100
261 0 0.451899141073226929 0.100
261 3 3.406302928924560547 0.100
405 2 1.917244791984558105 0.100
405 3 7.369292736053466797 0.100
549 0 8.879509925842285156 0.100
549 1 3.374738931655883789 0.100
549 2 3.725490331649780273 0.100
549 3 4.600215911865234375 0.100
693 1 5.920820236206054688 0.100
693 4 7.627408981323242188 0.100
837 0 4.598303794860839844 0.100
837 2 0.456463456153869629 0.100
837 3 9.378892898559570312 0.100
981 1 10.973294258117675781 0.100
981 4 0.587022185325622559 0.100
1125 1 13.050319671630859375 0.100
1125 3 4.603911399841308594 0.100
118 1 0.501783549785614014 0.100
262 1 9.827101707458496094 0.100
262 2 5.644523620605468750 0.100
262 3 11.737240791320800781 0.100
406 2 0.626048386096954346 0.100
406 3 6.411905288696289062 0.100
406 4 2.662299156188964844 0.100
694 0 5.955587387084960938 0.100
694 1 3.389126062393188477 0.100
694 3 2.119059801101684570 0.100
838 0 1.083907008171081543 0.100
838 2 5.452373981475830078 0.100
838 4 5.162119388580322266 0.100
982 3 7.025721073150634766 0.100
1126 0 3.952267169952392578 0.100
1126 1 1.030065059661865234 0.100
1126 2 14.398113250732421875 0.100
119 2 10.895906448364257812 0.100
119 4 5.800812244415283203 0.100
263 2 5.749988079071044922 0.100
263 3 9.805913925170898438 0.100
407 1 1.158579707145690918 0.100
407 3 1.343301773071289062 0.100
407 4 5.792899131774902344 0.100
551 1 7.159623146057128906 0.100
551 2 3.953309059143066406 0.100
551 3 3.236111164093017578 0.100
551 4 0.301439166069030762 0.100
695 1 0.993334412574768066 0.100
695 2 3.099559068679809570 0.100
695 3 6.078826904296875000 0.100
839 0 6.941123485565185547 0.100
839 1 0.003549941582605243 0.100
983 0 0.471722215414047241 0.100
983 2 8.751385688781738281 0.100
983 3 0.930617511272430420 0.100
983 4 6.549685478210449219 0.100
1127 1 2.109745979309082031 0.100
1127 2 4.173792362213134766 0.100
1127 3 16.033405303955078125 0.100
120 1 5.920665740966796875 0.100
120 2 7.527243614196777344 0.100
264 2 7.133491039276123047 0.100
408 0 6.974155426025390625 0.100
408 1 3.007015466690063477 0.100
408 2 7.370617866516113281 0.100
552 2 4.150673389434814453 0.100
552 3 3.014490604400634766 0.100
552 4 1.508412361145019531 0.100
696 1 3.904657840728759766 0.100
696 2 10.983656883239746094 0.100
840 0 7.027120113372802734 0.100
840 2 5.662369728088378906 0.100
840 4 2.277125358581542969 0.100
984 2 14.857551574707031250 0.100
984 3 10.308627128601074219 0.100
984 4 5.331762313842773438 0.100
1128 0 3.543958187103271484 0.100
1128 4 6.181989669799804688 0.100
121 0 5.995465755462646484 0.100
265 0 1.049482703208923340 0.100
409 0 7.230318069458007812 0.100
409 1 4.796418666839599609 0.100
409 2 0.349907577037811279 0.100
553 0 3.711462736129760742 0.100
553 2 2.949471235275268555 0.100
553 3 0.112292520701885223 0.100
697 0 0.252205967903137207 0.100
697 2 4.160109996795654297 0.100
697 4 11.877967834472656250 0.100
841 4 10.215662956237792969 0.100
985 0 0.216424047946929932 0.100
985 3 2.104089736938476562 0.100
1129 1 9.104850769042968750 0.100
1129 2 0.003284486243501306 0.100
122 1 3.620945930480957031 0.100
266 0 7.370093345642089844 0.100
266 1 1.800972938537597656 0.100
410 2 1.032951831817626953 0.100
410 3 9.466997146606445312 0.100
554 1 11.683201789855957031 0.100
554 2 3.175643920898437500 0.100
554 3 0.141507953405380249 0.100
554 4 0.515680968761444092 0.100
698 2 0.976250588893890381 0.100
698 3 1.187954783439636230 0.100
698 4 6.624278545379638672 0.100
842 2 3.433495998382568359 0.100
842 3 6.681151390075683594 0.100
986 0 12.845806121826171875 0.100
986 1 6.662391185760498047 0.100
986 2 1.520358443260192871 0.100
1130 0 8.271612167358398438 0.100
1130 1 2.839095592498779297 0.100
1130 4 10.619008064270019531 0.100
123 0 2.927291393280029297 0.100
123 1 2.727079153060913086 0.100
123 2 10.649746894836425781 0.100
267 4 10.329247474670410156 0.100
411 0 10.169278144836425781 0.100
411 1 5.233475685119628906 0.100
411 3 11.028768539428710938 0.100
555 1 4.202311038970947266 0.100
555 3 8.451716423034667969 0.100
555 4 4.895159244537353516 0.100
699 0 3.153841495513916016 0.100
699 2 9.552724838256835938 0.100
699 3 1.134218931198120117 0.100
843 0 14.070484161376953125 0.100
843 2 0.016353985294699669 0.100
843 4 12.357349395751953125 0.100
987 3 10.756421089172363281 0.100
987 4 5.157582283020019531 0.100
1131 1 1.452800512313842773 0.100
1131 2 2.585244178771972656 0.100
1131 3 7.290978431701660156 0.100
1131 4 3.961934328079223633 0.100
124 4 8.100943565368652344 0.100
268 2 3.621392488479614258 0.100
268 3 5.463909626007080078 0.100
268 4 3.630180835723876953 0.100
412 0 4.794578075408935547 0.100
412 2 9.756323814392089844 0.100
556 3 9.402699470520019531 0.100
700 2 0.021738814190030098 0.100
700 4 3.886280298233032227 0.100
844 0 11.834156036376953125 0.100
844 1 1.054399490356445312 0.100
844 4 3.892529726028442383 0.100
988 2 1.095324277877807617 0.100
988 3 11.739825248718261719 0.100
988 4 4.061189174652099609 0.100
1132 1 6.068728446960449219 0.100
1132 2 8.793433189392089844 0.100
125 0 9.507370948791503906 0.100
125 1 0.349532276391983032 0.100
125 3 7.937705993652343750 0.100
269 0 9.706197738647460938 0.100
269 2 7.380846977233886719 0.100
413 3 9.996529579162597656 0.100
413 4 2.523629903793334961 0.100
557 0 7.145291805267333984 0.100
557 1 5.905282497406005859 0.100
557 2 4.268657207489013672 0.100
557 3 9.087936401367187500 0.100
701 3 8.500497817993164062 0.100
701 4 1.660679340362548828 0.100
845 1 2.565868377685546875 0.100
845 2 3.162748098373413086 0.100
845 3 9.476596832275390625 0.100
989 0 10.155994415283203125 0.100
989 2 15.215443611145019531 0.100
1133 2 11.897370338439941406 0.100
126 0 2.704566001892089844 0.100
126 2 11.476097106933593750 0.100
126 3 5.325391292572021484 0.100
270 2 15.003755569458007812 0.100
414 0 1.319920778274536133 0.100
414 2 2.512471437454223633 0.100
414 3 5.030831813812255859 0.100
558 2 2.609155416488647461 0.100
558 3 7.411522865295410156 0.100
702 2 1.492766737937927246 0.100
846 2 16.442607879638671875 0.100
990 2 5.318593978881835938 0.100
990 4 4.935106277465820312 0.100
1134 3 1.784210443496704102 0.100
1134 4 8.405954360961914062 0.100
127 0 7.815217018127441406 0.100
127 2 0.187354519963264465 0.100
127 4 9.944401741027832031 0.100
271 0 5.702044010162353516 0.100
271 4 4.798254013061523438 0.100
415 0 13.306967735290527344 0.100
415 1 8.482703208923339844 0.100
415 4 2.899837255477905273 0.100
559 1 2.197600841522216797 0.100
559 3 1.991931796073913574 0.100
559 4 4.641378879547119141 0.100
703 0 4.809976577758789062 0.100
703 3 0.934124171733856201 0.100
703 4 4.513823032379150391 0.100
847 1 4.120207309722900391 0.100
847 4 1.585180044174194336 0.100
991 0 0.502430975437164307 0.100
991 2 9.164183616638183594 0.100
991 3 2.169723033905029297 0.100
991 4 5.554804801940917969 0.100
1135 1 5.634739398956298828 0.100
1135 2 7.310041427612304688 0.100
1135 3 0.741135179996490479 0.100
1135 4 3.393394708633422852 0.100
128 1 17.278795242309570312 0.100
128 2 3.797499179840087891 0.100
128 3 5.888416767120361328 0.100
272 2 11.452801704406738281 0.100
272 4 12.115175247192382812 0.100
416 0 10.299465179443359375 0.100
416 2 5.072637081146240234 0.100
560 1 4.461677074432373047 0.100
560 3 5.182536125183105469 0.100
560 4 0.700569748878479004 0.100
704 0 9.393526077270507812 0.100
704 1 3.061425209045410156 0.100
704 2 5.903365135192871094 0.100
704 4 3.473793506622314453 0.100
848 2 3.180956602096557617 0.100
992 0 0.027255751192569733 0.100
992 4 12.694757461547851562 0.100
1136 0 12.101640701293945312 0.100
1136 3 6.106482982635498047 0.100
129 4 2.845093727111816406 0.100
273 1 9.114579200744628906 0.100
273 4 4.011577606201171875 0.100
417 1 10.028759002685546875 0.100
417 3 3.545419931411743164 0.100
561 0 0.743454694747924805 0.100
561 1 1.113425135612487793 0.100
561 3 3.680281877517700195 0.100
561 4 11.136930465698242188 0.100
705 0 7.443992137908935547 0.100
705 2 3.357712745666503906 0.100
705 3 0.698943316936492920 0.100
849 2 1.788144350051879883 0.100
849 3 4.344894409179687500 0.100
993 0 11.688796043395996094 0.100
993 4 3.329540252685546875 0.100
1137 2 0.594214498996734619 0.100
130 0 0.459430515766143799 0.100
130 1 7.470957756042480469 0.100
130 2 1.688740611076354980 0.100
130 4 8.766771316528320312 0.100
274 1 7.189531803131103516 0.100
274 2 8.487565994262695312 0.100
274 3 6.836128711700439453 0.100
418 0 8.019277572631835938 0.100
418 2 4.249123096466064453 0.100
418 4 3.530815839767456055 0.100
562 1 11.227754592895507812 0.100
706 0 2.996103286743164062 0.100
706 1 3.580052614212036133 0.100
706 2 8.572384834289550781 0.100
706 4 7.642630577087402344 0.100
850 0 9.581517219543457031 0.100
850 2 6.009596347808837891 0.100
850 4 2.850415945053100586 0.100
994 1 1.747387170791625977 0.100
994 2 4.303234100341796875 0.100
994 3 0.636164844036102295 0.100
1138 1 6.271690845489501953 0.100
131 1 0.976007819175720215 0.100
131 2 7.263053417205810547 0.100
131 4 1.490599632263183594 0.100
275 2 13.662309646606445312 0.100
419 2 1.010993599891662598 0.100
419 4 5.259757041931152344 0.100
563 2 10.691730499267578125 0.100
563 3 7.541671752929687500 0.100
563 4 2.418382406234741211 0.100
707 1 4.851377010345458984 0.100
707 4 6.208411216735839844 0.100
851 0 1.480960965156555176 0.100
851 2 0.343836486339569092 0.100
851 3 5.246283054351806641 0.100
995 4 8.507877349853515625 0.100
1139 2 11.757863044738769531 0.100
132 3 8.564205169677734375 0.100
132 4 12.259423255920410156 0.100
276 3 5.046831130981445312 0.100
276 4 3.504087686538696289 0.100
420 0 3.283685445785522461 0.100
420 1 3.469789505004882812 0.100
564 2 11.556626319885253906 0.100
564 4 6.666435241699218750 0.100
708 0 4.778490066528320312 0.100
708 1 0.863467335700988770 0.100
708 3 5.379590034484863281 0.100
708 4 5.046847343444824219 0.100
852 0 0.280533790588378906 0.100
852 1 6.305811405181884766 0.100
852 3 4.002413749694824219 0.100
996 2 17.938013076782226562 0.100
996 3 7.305532455444335938 0.100
1140 2 11.469720840454101562 0.100
1140 4 3.942811012268066406 0.100
133 2 2.029941797256469727 0.100
133 4 9.464692115783691406 0.100
277 0 7.882227420806884766 0.100
277 3 5.209109783172607422 0.100
277 4 2.681686878204345703 0.100
421 1 6.281818866729736328 0.100
421 2 0.763533651828765869 0.100
421 3 4.441800117492675781 0.100
709 4 0.002529389923438430 0.100
853 3 3.102607727050781250 0.100
997 0 10.395562171936035156 0.100
997 3 0.596695184707641602 0.100
997 4 2.244717359542846680 0.100
1141 0 0.019537933170795441 0.100
1141 3 9.299809455871582031 0.100
1141 4 4.159926414489746094 0.100
134 0 1.459744095802307129 0.100
134 3 6.777242660522460938 0.100
134 4 1.927675485610961914 0.100
278 0 13.807335853576660156 0.100
278 2 0.980035126209259033 0.100
278 4 4.371009349822998047 0.100
422 1 11.972726821899414062 0.100
422 4 0.339688628911972046 0.100
566 1 0.584418177604675293 0.100
566 2 1.661096572875976562 0.100
566 3 12.953118324279785156 0.100
710 2 5.191905021667480469 0.100
710 3 6.843992233276367188 0.100
710 4 0.259234219789505005 0.100
854 0 1.357249617576599121 0.100
854 3 9.334376335144042969 0.100
998 0 7.824931621551513672 0.100
998 4 1.542258024215698242 0.100
1142 2 3.715376615524291992 0.100
135 0 3.411485671997070312 0.100
135 1 7.341910839080810547 0.100
135 3 1.740186095237731934 0.100
279 1 8.029769897460937500 0.100
279 4 11.440465927124023438 0.100
423 1 0.275109171867370605 0.100
423 3 1.080405950546264648 0.100
423 4 7.714094161987304688 0.100
567 0 11.245077133178710938 0.100
567 2 6.619090557098388672 0.100
711 0 3.472685337066650391 0.100
711 3 11.325718879699707031 0.100
855 0 2.395076751708984375 0.100
855 1 2.028608083724975586 0.100
855 2 3.659273386001586914 0.100
855 3 4.818221569061279297 0.100
999 2 2.040200233459472656 0.100
999 3 2.665814876556396484 0.100
999 4 5.477575778961181641 0.100
1143 0 6.748983860015869141 0.100
1143 4 7.505285739898681641 0.100
136 0 11.521448135375976562 0.100
136 2 5.649922370910644531 0.100
280 2 3.841647863388061523 0.100
280 4 7.324715614318847656 0.100
424 0 8.791230201721191406 0.100
424 1 7.991377830505371094 0.100
424 2 0.843915045261383057 0.100
424 3 3.909400224685668945 0.100
568 3 3.647552251815795898 0.100
712 0 9.507348060607910156 0.100
712 2 4.445304393768310547 0.100
856 1 5.650641918182373047 0.100
856 4 1.611639022827148438 0.100
1144 0 5.164795398712158203 0.100
1144 1 10.153671264648437500 0.100
1144 3 10.926733970642089844 0.100
137 1 6.508955001831054688 0.100
137 3 8.368425369262695312 0.100
137 4 8.871912956237792969 0.100
281 2 6.621095180511474609 0.100
281 4 6.161125659942626953 0.100
425 1 1.619058132171630859 0.100
425 2 14.775899887084960938 0.100
425 3 6.729087829589843750 0.100
569 0 6.725961685180664062 0.100
569 2 2.569879770278930664 0.100
569 3 2.411583900451660156 0.100
713 0 9.001497268676757812 0.100
713 1 4.235836982727050781 0.100
713 3 0.382442742586135864 0.100
713 4 3.100179672241210938 0.100
857 1 9.495265960693359375 0.100
1001 0 14.941334724426269531 0.100
1001 4 0.211091607809066772 0.100
1145 0 5.719229221343994141 0.100
1145 2 14.772627830505371094 0.100
138 2 10.076143264770507812 0.100
138 3 1.758507490158081055 0.100
282 2 13.078269004821777344 0.100
282 3 1.336665272712707520 0.100
426 0 7.098124027252197266 0.100
426 4 2.562792778015136719 0.100
570 0 7.437152385711669922 0.100
570 1 3.034021377563476562 0.100
570 2 2.801395416259765625 0.100
714 0 2.287465333938598633 0.100
714 1 7.802876472473144531 0.100
858 0 8.419290542602539062 0.100
858 1 7.939832210540771484 0.100
1002 1 5.465595245361328125 0.100
1002 2 17.107831954956054688 0.100
1146 3 3.477073907852172852 0.100
139 2 6.573484420776367188 0.100
139 3 6.641615390777587891 0.100
283 0 4.066007137298583984 0.100
283 2 10.685607910156250000 0.100
283 3 2.481970548629760742 0.100
283 4 1.743059992790222168 0.100
427 2 8.188164710998535156 0.100
571 0 5.311324596405029297 0.100
715 1 8.160706520080566406 0.100
715 2 1.297072529792785645 0.100
859 1 0.305096685886383057 0.100
859 2 3.169484376907348633 0.100
859 3 3.326495647430419922 0.100
859 4 0.403548240661621094 0.100
1003 0 4.407406806945800781 0.100
1003 4 7.304621219635009766 0.100
1147 0 13.772316932678222656 0.100
1147 3 2.750406742095947266 0.100
1147 4 6.676277160644531250 0.100
140 0 4.844277858734130859 0.100
140 2 2.262412786483764648 0.100
284 0 2.279421091079711914 0.100
284 4 14.062402725219726562 0.100
428 0 1.600229144096374512 0.100
428 3 1.618543386459350586 0.100
428 4 5.289927005767822266 0.100
572 2 11.923879623413085938 0.100
572 3 5.214353561401367188 0.100
716 0 0.446807414293289185 0.100
716 2 2.475070238113403320 0.100
716 4 4.297806262969970703 0.100
860 0 5.824125766754150391 0.100
860 2 5.048661708831787109 0.100
860 3 8.133294105529785156 0.100
1004 1 5.156960964202880859 0.100
1004 2 6.426686286926269531 0.100
1004 4 10.538094520568847656 0.100
1148 2 10.789528846740722656 0.100
1148 4 6.099260330200195312 0.100
141 1 0.119265794754028320 0.100
141 2 3.536408901214599609 0.100
141 3 2.115378618240356445 0.100
141 4 6.861285686492919922 0.100
285 1 6.275806903839111328 0.100
285 2 10.824556350708007812 0.100
429 0 0.202013537287712097 0.100
429 1 3.151715040206909180 0.100
429 3 6.889558792114257812 0.100
573 0 6.090731143951416016 0.100
717 0 2.347032546997070312 0.100
717 2 11.754902839660644531 0.100
717 4 0.730395913124084473 0.100
861 1 3.663707733154296875 0.100
861 3 9.518823623657226562 0.100
861 4 2.224760532379150391 0.100
1005 2 12.506085395812988281 0.100
1149 0 7.212992191314697266 0.100
1149 1 4.945951938629150391 0.100
1149 4 16.428390502929687500 0.100
142 1 9.281369209289550781 0.100
286 1 11.842144012451171875 0.100
286 3 5.394962787628173828 0.100
430 2 1.401665687561035156 0.100
430 3 2.400827884674072266 0.100
574 2 7.965969085693359375 0.100
718 0 1.820347189903259277 0.100
718 2 7.746710777282714844 0.100
718 4 8.865706443786621094 0.100
862 0 4.134326934814453125 0.100
862 2 8.649909973144531250 0.100
862 3 0.480457097291946411 0.100
862 4 0.381454944610595703 0.100
1006 3 5.203956604003906250 0.100
1150 1 1.137981534004211426 0.100
1150 2 15.695236206054687500 0.100
143 1 0.479117810726165771 0.100
287 2 12.236366271972656250 0.100
431 2 10.983430862426757812 0.100
575 2 0.182960391044616699 0.100
719 1 8.310553550720214844 0.100
719 3 0.810845255851745605 0.100
719 4 2.486935615539550781 0.100
863 0 2.454185724258422852 0.100
863 1 11.742182731628417969 0.100
863 2 5.044698238372802734 0.100
1007 0 13.309576034545898438 0.100
1007 2 3.141334056854248047 0.100
1007 4 0.952949821949005127 0.100
1151 0 1.931813716888427734 0.100
1151 2 5.111446380615234375 0.100
1151 3 8.612480163574218750 0.100
