# columns = ['i', 'j', 'weight', 'delay']
0 2 -9.153550148010253906 0.100
0 3 -7.071146488189697266 0.100
0 4 -3.668795585632324219 0.100
144 0 -4.479291915893554688 0.100
144 2 -9.164026260375976562 0.100
144 3 -1.437760353088378906 0.100
144 4 -7.658788204193115234 0.100
288 3 -5.156473636627197266 0.100
288 4 -3.432133674621582031 0.100
432 0 -0.273708343505859375 0.100
432 2 -2.508262395858764648 0.100
432 3 -0.212077200412750244 0.100
432 4 -7.835364818572998047 0.100
576 0 -4.926017761230468750 0.100
576 3 -6.794280052185058594 0.100
720 1 -1.916222453117370605 0.100
720 2 -8.098971366882324219 0.100
720 3 -8.516677856445312500 0.100
720 4 -0.474032431840896606 0.100
864 0 -3.782606601715087891 0.100
864 4 -0.523247957229614258 0.100
1008 1 -1.317353844642639160 0.100
1008 2 -2.800128698348999023 0.100
1008 3 -3.247284650802612305 0.100
1008 4 -5.528869152069091797 0.100
1 0 -4.823585033416748047 0.100
1 3 -1.459316372871398926 0.100
145 4 -3.696617364883422852 0.100
289 1 -0.121751978993415833 0.100
289 2 -6.437904357910156250 0.100
289 4 -9.097925186157226562 0.100
433 0 -1.757321834564208984 0.100
433 1 -3.082958459854125977 0.100
433 3 -0.552094399929046631 0.100
577 0 -5.360908508300781250 0.100
577 1 -1.308901548385620117 0.100
577 4 -9.701767921447753906 0.100
721 2 -4.234639644622802734 0.100
721 3 -0.024326622486114502 0.100
721 4 -1.628289341926574707 0.100
865 2 -4.956357955932617188 0.100
865 3 -2.158492326736450195 0.100
865 4 -7.905402183532714844 0.100
1009 2 -8.033059120178222656 0.100
1009 3 -9.864893913269042969 0.100
1009 4 -5.984349250793457031 0.100
2 0 -3.158430814743041992 0.100
2 3 -9.034437179565429688 0.100
2 4 -2.383958816528320312 0.100
146 0 -5.096421241760253906 0.100
146 1 -9.626399040222167969 0.100
146 3 -4.660391807556152344 0.100
290 0 -0.911506593227386475 0.100
290 3 -0.080492496490478516 0.100
290 4 -3.252248764038085938 0.100
722 0 -0.620378255844116211 0.100
722 3 -3.181959152221679688 0.100
722 4 -2.763081312179565430 0.100
866 2 -11.318690299987792969 0.100
866 3 -6.157802104949951172 0.100
1010 3 -5.838809967041015625 0.100
3 2 -3.956251621246337891 0.100
3 3 -2.339158296585083008 0.100
147 1 -9.057049751281738281 0.100
147 2 -2.747344493865966797 0.100
147 3 -0.586401462554931641 0.100
291 4 -0.977726042270660400 0.100
435 0 -2.886378526687622070 0.100
435 4 -1.754722237586975098 0.100
579 1 -7.461300849914550781 0.100
579 2 -10.223463058471679688 0.100
579 3 -7.645430564880371094 0.100
723 1 -1.803629398345947266 0.100
723 2 -7.583580017089843750 0.100
867 2 -8.629026412963867188 0.100
867 3 -0.925865471363067627 0.100
1011 1 -5.468293190002441406 0.100
1011 3 -7.742650985717773438 0.100
4 2 -2.484043121337890625 0.100
148 0 -7.284678459167480469 0.100
148 4 -9.172383308410644531 0.100
436 2 -4.777859210968017578 0.100
580 0 -2.641057014465332031 0.100
580 1 -1.070074558258056641 0.100
580 3 -5.909184932708740234 0.100
724 1 -4.526645660400390625 0.100
868 0 -2.228666067123413086 0.100
868 2 -3.355440616607666016 0.100
868 3 -7.204218864440917969 0.100
5 0 -1.117087125778198242 0.100
5 1 -1.348582267761230469 0.100
5 2 -2.202985286712646484 0.100
5 3 -3.178353548049926758 0.100
5 4 -5.018228530883789062 0.100
149 1 -3.682200431823730469 0.100
293 0 -2.336619615554809570 0.100
293 2 -5.932667255401611328 0.100
293 3 -6.790506362915039062 0.100
293 4 -1.814932465553283691 0.100
437 0 -0.721964955329895020 0.100
437 4 -2.944125413894653320 0.100
581 0 -1.915369629859924316 0.100
581 1 -2.947077751159667969 0.100
581 2 -1.521929979324340820 0.100
581 4 -7.449789524078369141 0.100
725 0 -0.764569997787475586 0.100
725 2 -6.696328639984130859 0.100
869 0 -2.566077709197998047 0.100
869 1 -5.099861145019531250 0.100
869 3 -3.826413631439208984 0.100
1013 1 -3.319149732589721680 0.100
1013 2 -9.217836380004882812 0.100
1013 3 -2.839050531387329102 0.100
6 1 -5.432512283325195312 0.100
6 2 -2.525439739227294922 0.100
6 4 -8.466144561767578125 0.100
150 0 -5.733767032623291016 0.100
150 3 -4.505190849304199219 0.100
150 4 -11.239765167236328125 0.100
294 1 -0.331464320421218872 0.100
294 2 -0.894178450107574463 0.100
438 0 -7.467124462127685547 0.100
438 2 -0.203530520200729370 0.100
438 3 -1.983779430389404297 0.100
582 0 -1.242888212203979492 0.100
582 1 -7.508528709411621094 0.100
726 0 -2.670369863510131836 0.100
726 1 -2.736236095428466797 0.100
726 3 -6.136917114257812500 0.100
726 4 -9.542095184326171875 0.100
870 1 -4.378584861755371094 0.100
1014 0 -4.692827701568603516 0.100
1014 2 -2.510041236877441406 0.100
1014 3 -3.298002243041992188 0.100
1014 4 -3.844565629959106445 0.100
7 1 -2.013833761215209961 0.100
7 2 -3.467782258987426758 0.100
7 3 -1.013285875320434570 0.100
7 4 -6.460022449493408203 0.100
151 1 -4.738008499145507812 0.100
151 3 -3.903117179870605469 0.100
151 4 -2.942297697067260742 0.100
295 0 -2.114153623580932617 0.100
295 1 -1.121113419532775879 0.100
295 2 -6.469283103942871094 0.100
439 0 -1.614837646484375000 0.100
439 1 -1.579370021820068359 0.100
439 2 -3.462894678115844727 0.100
439 3 -5.723761081695556641 0.100
439 4 -2.081580638885498047 0.100
583 0 -3.798605442047119141 0.100
583 1 -6.913205146789550781 0.100
583 2 -8.799804687500000000 0.100
583 4 -6.441186904907226562 0.100
871 0 -0.916172981262207031 0.100
871 1 -5.557636737823486328 0.100
871 2 -2.999492168426513672 0.100
1015 1 -5.317281246185302734 0.100
1015 2 -7.778832435607910156 0.100
1015 4 -9.603191375732421875 0.100
8 2 -5.377440452575683594 0.100
8 3 -2.132162809371948242 0.100
152 0 -0.442856550216674805 0.100
152 1 -5.422220230102539062 0.100
152 3 -2.117033004760742188 0.100
296 2 -0.465962648391723633 0.100
440 1 -1.083327770233154297 0.100
440 3 -7.472115516662597656 0.100
440 4 -6.802409648895263672 0.100
584 2 -4.733185768127441406 0.100
584 3 -0.546763479709625244 0.100
728 2 -6.335875988006591797 0.100
872 0 -2.115694046020507812 0.100
872 2 -7.357271671295166016 0.100
872 3 -8.630371093750000000 0.100
872 4 -5.076833724975585938 0.100
1016 0 -7.282498836517333984 0.100
1016 2 -5.497388362884521484 0.100
1016 3 -3.985444307327270508 0.100
9 0 -3.420048236846923828 0.100
9 3 -5.806396007537841797 0.100
153 2 -3.796454906463623047 0.100
153 4 -0.721727192401885986 0.100
297 2 -2.875678062438964844 0.100
297 3 -4.862783908843994141 0.100
441 0 -1.100064277648925781 0.100
441 2 -3.438556671142578125 0.100
585 2 -5.661755561828613281 0.100
585 4 -1.096866607666015625 0.100
729 0 -6.781506538391113281 0.100
729 1 -0.246023863554000854 0.100
729 2 -4.717588424682617188 0.100
729 3 -0.983638167381286621 0.100
729 4 -0.811763048171997070 0.100
873 1 -3.033126592636108398 0.100
873 2 -1.445519089698791504 0.100
873 3 -1.120247244834899902 0.100
873 4 -0.032922659069299698 0.100
1017 0 -7.371776580810546875 0.100
1017 4 -0.262267678976058960 0.100
10 1 -1.621251702308654785 0.100
10 3 -4.423656940460205078 0.100
10 4 -0.936410546302795410 0.100
154 0 -1.220785498619079590 0.100
154 1 -3.587371826171875000 0.100
154 2 -4.514201164245605469 0.100
154 3 -0.398467093706130981 0.100
154 4 -1.070213556289672852 0.100
298 0 -3.751269340515136719 0.100
298 1 -1.329404711723327637 0.100
298 3 -5.255689620971679688 0.100
442 1 -8.063107490539550781 0.100
442 2 -5.245153903961181641 0.100
442 3 -4.435712814331054688 0.100
586 2 -1.386936783790588379 0.100
586 3 -6.134898662567138672 0.100
586 4 -3.982593297958374023 0.100
730 2 -3.417836666107177734 0.100
730 3 -0.010212262161076069 0.100
874 0 -0.982125520706176758 0.100
874 1 -7.193682670593261719 0.100
1018 0 -9.533814430236816406 0.100
1018 2 -5.308981418609619141 0.100
11 0 -0.314279198646545410 0.100
11 1 -5.162055969238281250 0.100
11 2 -0.540882349014282227 0.100
155 0 -0.059380993247032166 0.100
155 1 -9.674345970153808594 0.100
155 2 -1.301512956619262695 0.100
155 3 -3.733808994293212891 0.100
299 1 -6.046050548553466797 0.100
299 3 -7.561865806579589844 0.100
299 4 -1.811310768127441406 0.100
443 4 -0.944670617580413818 0.100
587 0 -5.678070545196533203 0.100
587 1 -9.454295158386230469 0.100
587 4 -7.831292629241943359 0.100
731 1 -4.782383918762207031 0.100
731 3 -4.366742610931396484 0.100
875 1 -4.590375423431396484 0.100
875 4 -4.073563098907470703 0.100
1019 1 -3.753468513488769531 0.100
1019 2 -8.661464691162109375 0.100
1019 3 -1.158512353897094727 0.100
12 0 -1.148698806762695312 0.100
12 1 -1.510928750038146973 0.100
12 3 -9.240036010742187500 0.100
156 0 -0.189526453614234924 0.100
156 1 -1.230444550514221191 0.100
156 3 -4.102163314819335938 0.100
156 4 -1.088016033172607422 0.100
300 0 -4.350837707519531250 0.100
300 2 -3.247575283050537109 0.100
300 3 -2.734691381454467773 0.100
300 4 -12.073884963989257812 0.100
444 1 -0.467259138822555542 0.100
444 2 -1.207122683525085449 0.100
444 3 -2.282736301422119141 0.100
588 2 -10.960788726806640625 0.100
588 3 -6.448247909545898438 0.100
588 4 -6.730611324310302734 0.100
732 3 -3.739994049072265625 0.100
732 4 -11.246644973754882812 0.100
876 2 -8.403482437133789062 0.100
876 3 -11.585721015930175781 0.100
876 4 -4.947052955627441406 0.100
1020 0 -4.052026748657226562 0.100
1020 1 -1.472037672996520996 0.100
1020 2 -8.952462196350097656 0.100
1020 4 -7.444517612457275391 0.100
13 1 -3.087838649749755859 0.100
13 2 -2.052891254425048828 0.100
13 4 -6.193528652191162109 0.100
157 4 -1.477846145629882812 0.100
301 0 -7.458879470825195312 0.100
301 1 -7.349162101745605469 0.100
301 4 -10.536211013793945312 0.100
445 1 -2.658063173294067383 0.100
445 3 -7.845990180969238281 0.100
589 0 -4.879105091094970703 0.100
589 1 -8.086298942565917969 0.100
589 3 -2.549484968185424805 0.100
733 0 -2.966952323913574219 0.100
733 2 -8.794801712036132812 0.100
733 3 -3.005058288574218750 0.100
877 2 -4.192686080932617188 0.100
877 3 -4.086121082305908203 0.100
1021 2 -9.142853736877441406 0.100
1021 3 -0.679339885711669922 0.100
1021 4 -0.187955930829048157 0.100
14 0 -1.211426138877868652 0.100
14 4 -1.976137161254882812 0.100
158 0 -8.079785346984863281 0.100
158 3 -0.004704836290329695 0.100
158 4 -0.197291314601898193 0.100
302 0 -1.541864633560180664 0.100
302 1 -2.987309932708740234 0.100
446 1 -3.342422008514404297 0.100
446 3 -3.445970773696899414 0.100
590 1 -6.131390571594238281 0.100
590 2 -7.197403430938720703 0.100
590 3 -2.793105840682983398 0.100
734 0 -4.029524326324462891 0.100
734 2 -6.829918861389160156 0.100
878 2 -10.244699478149414062 0.100
1022 2 -9.029484748840332031 0.100
1022 3 -5.117525100708007812 0.100
15 3 -4.737566471099853516 0.100
159 1 -5.111594676971435547 0.100
159 2 -0.583763062953948975 0.100
159 4 -4.771493434906005859 0.100
303 3 -4.302194118499755859 0.100
303 4 -3.396200418472290039 0.100
447 3 -5.283591747283935547 0.100
591 0 -5.346349239349365234 0.100
591 1 -0.634015619754791260 0.100
591 3 -4.356162548065185547 0.100
591 4 -3.903811931610107422 0.100
735 0 -2.731011629104614258 0.100
735 2 -5.056785106658935547 0.100
879 2 -5.851187705993652344 0.100
1023 4 -4.394887447357177734 0.100
16 0 -1.636679530143737793 0.100
16 2 -7.394441604614257812 0.100
16 4 -7.229940414428710938 0.100
160 0 -4.234756946563720703 0.100
160 1 -5.218560218811035156 0.100
160 2 -5.136575222015380859 0.100
160 4 -8.498289108276367188 0.100
304 0 -7.531496047973632812 0.100
304 1 -7.792099952697753906 0.100
448 0 -7.824832439422607422 0.100
448 4 -5.972766399383544922 0.100
592 4 -3.507951736450195312 0.100
736 0 -2.251969337463378906 0.100
736 1 -1.870826244354248047 0.100
736 3 -2.636356830596923828 0.100
880 0 -3.800795555114746094 0.100
880 3 -5.887356281280517578 0.100
880 4 -7.733863353729248047 0.100
1024 3 -7.238439559936523438 0.100
17 1 -5.367298126220703125 0.100
17 3 -4.320734024047851562 0.100
17 4 -0.182188838720321655 0.100
161 0 -3.031840324401855469 0.100
161 1 -7.034458637237548828 0.100
161 2 -1.888882637023925781 0.100
161 4 -10.743344306945800781 0.100
305 1 -0.326713800430297852 0.100
305 2 -3.978799343109130859 0.100
305 3 -9.001859664916992188 0.100
305 4 -9.261887550354003906 0.100
449 0 -1.608391523361206055 0.100
449 1 -5.228167533874511719 0.100
449 2 -5.639751911163330078 0.100
449 3 -5.043891429901123047 0.100
449 4 -6.473017692565917969 0.100
593 0 -2.791156291961669922 0.100
593 2 -7.471684932708740234 0.100
593 4 -2.313745498657226562 0.100
737 1 -6.140421390533447266 0.100
737 3 -3.150449037551879883 0.100
737 4 -3.218668222427368164 0.100
881 4 -4.559664726257324219 0.100
1025 0 -4.224661827087402344 0.100
1025 1 -3.194594383239746094 0.100
1025 2 -2.984495639801025391 0.100
18 4 -1.845400691032409668 0.100
162 0 -3.590987443923950195 0.100
162 4 -2.061650991439819336 0.100
306 0 -7.243015289306640625 0.100
306 3 -1.852112770080566406 0.100
306 4 -7.581491947174072266 0.100
450 0 -1.101379394531250000 0.100
450 2 -4.127721309661865234 0.100
450 4 -2.186112403869628906 0.100
594 0 -7.512834072113037109 0.100
594 3 -1.910366535186767578 0.100
738 2 -5.398484230041503906 0.100
882 0 -6.495907306671142578 0.100
882 1 -6.584650039672851562 0.100
882 3 -1.925129771232604980 0.100
1026 1 -0.469452619552612305 0.100
1026 2 -7.940264225006103516 0.100
1026 3 -5.924524784088134766 0.100
1026 4 -4.952789306640625000 0.100
19 0 -7.407836437225341797 0.100
19 4 -7.911043643951416016 0.100
163 1 -6.346889019012451172 0.100
163 4 -4.529547214508056641 0.100
307 0 -6.875039577484130859 0.100
451 0 -5.256906509399414062 0.100
451 2 -1.228017807006835938 0.100
595 0 -2.692043304443359375 0.100
595 1 -3.574741363525390625 0.100
595 3 -2.094858169555664062 0.100
595 4 -3.253161668777465820 0.100
739 0 -2.175945043563842773 0.100
739 4 -6.371004581451416016 0.100
883 1 -3.890346765518188477 0.100
883 3 -5.471876144409179688 0.100
883 4 -1.203911900520324707 0.100
1027 0 -4.634524345397949219 0.100
20 0 -1.430059075355529785 0.100
20 3 -0.923195600509643555 0.100
164 1 -7.075893878936767578 0.100
164 2 -8.831096649169921875 0.100
308 1 -0.309734851121902466 0.100
308 3 -5.120975017547607422 0.100
452 0 -1.361972808837890625 0.100
452 1 -1.829090237617492676 0.100
452 4 -2.123791933059692383 0.100
596 1 -3.229656696319580078 0.100
596 2 -9.654872894287109375 0.100
596 3 -3.163832902908325195 0.100
740 2 -0.027440663427114487 0.100
884 3 -2.734300374984741211 0.100
1028 0 -1.063373804092407227 0.100
1028 3 -0.606041610240936279 0.100
1028 4 -0.816894650459289551 0.100
21 2 -0.036674674600362778 0.100
21 4 -8.160781860351562500 0.100
165 1 -6.952970504760742188 0.100
165 4 -1.609226107597351074 0.100
309 2 -1.108284115791320801 0.100
453 0 -6.589369773864746094 0.100
453 2 -6.188070774078369141 0.100
597 0 -3.107175350189208984 0.100
597 2 -5.616332054138183594 0.100
597 3 -1.187234997749328613 0.100
597 4 -0.177332550287246704 0.100
741 0 -1.045169234275817871 0.100
741 1 -5.052054882049560547 0.100
741 3 -3.522814035415649414 0.100
1029 2 -2.528854131698608398 0.100
1029 3 -0.054081939160823822 0.100
22 0 -4.770833492279052734 0.100
22 3 -4.392709732055664062 0.100
22 4 -0.857949078083038330 0.100
166 0 -2.472747564315795898 0.100
166 1 -2.444530725479125977 0.100
166 3 -2.608410358428955078 0.100
166 4 -2.684461832046508789 0.100
310 1 -4.253575325012207031 0.100
310 3 -2.551361799240112305 0.100
454 0 -5.305671691894531250 0.100
454 2 -6.983924865722656250 0.100
454 3 -1.628905534744262695 0.100
598 1 -6.772068500518798828 0.100
742 0 -5.904580593109130859 0.100
742 1 -6.081698417663574219 0.100
742 3 -2.699005365371704102 0.100
886 0 -9.320126533508300781 0.100
886 1 -4.747174263000488281 0.100
1030 3 -5.526641368865966797 0.100
1030 4 -0.141380369663238525 0.100
23 0 -5.487514972686767578 0.100
23 1 -3.834424495697021484 0.100
23 3 -6.257475852966308594 0.100
167 1 -11.662406921386718750 0.100
167 3 -2.532474040985107422 0.100
167 4 -4.548905849456787109 0.100
311 3 -3.808613777160644531 0.100
311 4 -3.598577737808227539 0.100
455 1 -8.868426322937011719 0.100
455 4 -0.068109042942523956 0.100
599 0 -11.145735740661621094 0.100
599 1 -1.352074384689331055 0.100
599 3 -1.125480055809020996 0.100
599 4 -0.494772911071777344 0.100
743 0 -4.926429748535156250 0.100
743 2 -1.302587509155273438 0.100
743 4 -4.088447093963623047 0.100
887 0 -5.410169124603271484 0.100
887 2 -1.867850303649902344 0.100
887 3 -1.631279587745666504 0.100
1031 0 -8.320174217224121094 0.100
1031 2 -8.768929481506347656 0.100
24 1 -6.259712219238281250 0.100
168 0 -5.815585613250732422 0.100
168 1 -6.244019031524658203 0.100
168 4 -2.843110561370849609 0.100
312 0 -0.354508668184280396 0.100
312 2 -4.734043121337890625 0.100
312 4 -2.041038274765014648 0.100
456 2 -10.646042823791503906 0.100
456 4 -10.098972320556640625 0.100
600 0 -0.863084614276885986 0.100
600 2 -0.773905396461486816 0.100
600 3 -4.820925235748291016 0.100
600 4 -5.283750057220458984 0.100
744 2 -3.970087051391601562 0.100
888 1 -2.277531623840332031 0.100
888 2 -8.529017448425292969 0.100
888 3 -9.488967895507812500 0.100
1032 4 -0.344617784023284912 0.100
25 2 -1.887482762336730957 0.100
25 4 -8.970932006835937500 0.100
169 1 -2.982197284698486328 0.100
169 2 -0.287057757377624512 0.100
169 4 -5.346734523773193359 0.100
313 0 -3.095147371292114258 0.100
313 2 -1.588770747184753418 0.100
313 4 -8.497941970825195312 0.100
457 1 -1.362105250358581543 0.100
457 2 -1.727064490318298340 0.100
457 3 -0.980424880981445312 0.100
601 0 -1.205337405204772949 0.100
601 2 -7.468756198883056641 0.100
601 3 -3.310231447219848633 0.100
601 4 -3.454171895980834961 0.100
745 1 -2.404587030410766602 0.100
745 2 -4.220901489257812500 0.100
745 3 -4.169214725494384766 0.100
889 2 -9.436160087585449219 0.100
1033 1 -3.725301742553710938 0.100
1033 2 -5.696205615997314453 0.100
1033 3 -1.374697446823120117 0.100
26 0 -5.539594173431396484 0.100
26 1 -7.069408416748046875 0.100
26 3 -1.338080048561096191 0.100
26 4 -2.399055004119873047 0.100
170 4 -7.380866527557373047 0.100
314 0 -5.670129776000976562 0.100
314 1 -2.404209375381469727 0.100
314 3 -7.219929218292236328 0.100
314 4 -1.535764694213867188 0.100
458 0 -2.237319707870483398 0.100
602 0 -3.013328313827514648 0.100
602 1 -0.599089324474334717 0.100
602 2 -9.230872154235839844 0.100
746 2 -3.982352733612060547 0.100
746 4 -3.965436697006225586 0.100
890 0 -1.678857684135437012 0.100
890 1 -1.810456752777099609 0.100
890 2 -1.810547709465026855 0.100
890 3 -1.107672929763793945 0.100
1034 0 -5.435859203338623047 0.100
1034 1 -0.009695865213871002 0.100
1034 3 -5.130484104156494141 0.100
1034 4 -2.614180088043212891 0.100
27 2 -4.044562816619873047 0.100
27 3 -3.539105653762817383 0.100
171 1 -1.063555955886840820 0.100
171 2 -7.325527667999267578 0.100
171 3 -5.223619937896728516 0.100
171 4 -0.872380733489990234 0.100
315 1 -3.389708042144775391 0.100
315 2 -7.552590847015380859 0.100
315 3 -3.019309997558593750 0.100
315 4 -2.811255693435668945 0.100
459 1 -0.115431368350982666 0.100
459 3 -3.619338989257812500 0.100
603 0 -0.772660434246063232 0.100
603 4 -0.972312390804290771 0.100
747 1 -6.542923450469970703 0.100
747 4 -4.279778480529785156 0.100
891 4 -7.590534210205078125 0.100
1035 1 -1.995308279991149902 0.100
1035 3 -6.519964218139648438 0.100
1035 4 -3.914062976837158203 0.100
28 0 -5.885500907897949219 0.100
28 1 -4.152319908142089844 0.100
28 2 -5.724260330200195312 0.100
28 3 -0.643505811691284180 0.100
28 4 -4.515449047088623047 0.100
172 3 -3.491950988769531250 0.100
316 2 -7.973625659942626953 0.100
316 3 -6.089347362518310547 0.100
316 4 -0.771999180316925049 0.100
460 1 -4.665019512176513672 0.100
460 2 -6.741643905639648438 0.100
460 3 -4.112560749053955078 0.100
460 4 -5.115174770355224609 0.100
604 2 -6.943053722381591797 0.100
604 3 -8.258612632751464844 0.100
604 4 -2.902774572372436523 0.100
748 1 -2.548830270767211914 0.100
748 2 -6.671985626220703125 0.100
892 4 -6.101412296295166016 0.100
1036 2 -3.255498886108398438 0.100
1036 3 -4.966973781585693359 0.100
1036 4 -2.857355594635009766 0.100
29 0 -3.630461692810058594 0.100
29 2 -1.712285280227661133 0.100
29 3 -2.669491052627563477 0.100
29 4 -7.551367282867431641 0.100
173 2 -3.854059934616088867 0.100
317 1 -0.477291405200958252 0.100
317 3 -2.768974781036376953 0.100
317 4 -4.752731800079345703 0.100
461 4 -9.486664772033691406 0.100
605 2 -6.989117145538330078 0.100
605 3 -0.431442409753799438 0.100
605 4 -3.869513273239135742 0.100
749 0 -3.782124042510986328 0.100
749 1 -6.348887920379638672 0.100
749 2 -3.193583965301513672 0.100
893 0 -1.949044346809387207 0.100
893 3 -5.528444766998291016 0.100
893 4 -6.950213432312011719 0.100
1037 3 -2.652439117431640625 0.100
1037 4 -5.495013236999511719 0.100
30 1 -3.864777803421020508 0.100
30 3 -0.292563885450363159 0.100
30 4 -1.035341739654541016 0.100
174 0 -2.040918111801147461 0.100
174 2 -4.175546646118164062 0.100
174 4 -4.919979095458984375 0.100
318 0 -7.673195362091064453 0.100
318 3 -1.293369174003601074 0.100
318 4 -2.997595787048339844 0.100
462 3 -4.133446216583251953 0.100
606 0 -1.040019512176513672 0.100
606 2 -0.799031972885131836 0.100
606 4 -6.307928085327148438 0.100
750 0 -4.191195964813232422 0.100
750 3 -0.739452898502349854 0.100
894 1 -2.139673471450805664 0.100
894 2 -2.368112325668334961 0.100
894 3 -4.351000308990478516 0.100
894 4 -2.714747905731201172 0.100
1038 1 -7.405767440795898438 0.100
1038 2 -1.996928095817565918 0.100
1038 3 -0.945759475231170654 0.100
31 4 -6.388971805572509766 0.100
175 0 -7.353652000427246094 0.100
175 1 -4.015767097473144531 0.100
319 4 -2.494353294372558594 0.100
463 0 -1.427288174629211426 0.100
463 1 -6.834877014160156250 0.100
463 3 -3.368713855743408203 0.100
607 0 -3.827064275741577148 0.100
607 2 -2.875625848770141602 0.100
607 4 -5.571895122528076172 0.100
751 0 -5.221195697784423828 0.100
751 2 -4.597774028778076172 0.100
751 3 -5.506968498229980469 0.100
895 0 -1.740712761878967285 0.100
895 1 -5.655687808990478516 0.100
895 3 -2.293834686279296875 0.100
895 4 -5.185996055603027344 0.100
1039 0 -3.988379240036010742 0.100
1039 1 -3.444162130355834961 0.100
1039 3 -0.818074703216552734 0.100
1039 4 -4.180139064788818359 0.100
32 2 -4.962534427642822266 0.100
32 3 -1.943165302276611328 0.100
176 3 -4.289916038513183594 0.100
320 0 -0.482557237148284912 0.100
320 1 -0.505678653717041016 0.100
320 2 -4.530650138854980469 0.100
320 4 -0.811789572238922119 0.100
464 0 -6.889574527740478516 0.100
464 1 -1.350314378738403320 0.100
464 2 -2.257343053817749023 0.100
608 1 -6.935923099517822266 0.100
608 2 -7.300239086151123047 0.100
608 3 -4.500416755676269531 0.100
752 3 -0.477852970361709595 0.100
752 4 -1.400380611419677734 0.100
896 3 -2.646759748458862305 0.100
1040 0 -0.996630549430847168 0.100
1040 1 -0.980338394641876221 0.100
1040 2 -5.264539241790771484 0.100
1040 3 -4.281634807586669922 0.100
1040 4 -0.146651998162269592 0.100
33 1 -3.358510017395019531 0.100
33 3 -7.318529605865478516 0.100
33 4 -0.058827102184295654 0.100
177 0 -5.934269428253173828 0.100
177 2 -1.956177115440368652 0.100
321 1 -5.263414859771728516 0.100
321 2 -5.761173725128173828 0.100
465 2 -2.452602863311767578 0.100
465 3 -4.056086063385009766 0.100
609 0 -4.332060337066650391 0.100
609 1 -0.836377620697021484 0.100
609 2 -8.115551948547363281 0.100
753 0 -2.799410581588745117 0.100
753 2 -4.915251731872558594 0.100
753 4 -1.798631906509399414 0.100
897 0 -8.207397460937500000 0.100
897 2 -3.641710042953491211 0.100
897 3 -0.363804340362548828 0.100
897 4 -5.159496784210205078 0.100
1041 0 -3.337200880050659180 0.100
1041 1 -4.075426578521728516 0.100
34 3 -4.156563282012939453 0.100
322 0 -1.740834116935729980 0.100
322 1 -5.803545951843261719 0.100
322 4 -2.587294101715087891 0.100
466 1 -6.297824859619140625 0.100
466 2 -2.212887525558471680 0.100
466 4 -3.334156751632690430 0.100
610 3 -3.646503925323486328 0.100
610 4 -2.845742940902709961 0.100
754 2 -2.840322494506835938 0.100
898 0 -3.715452671051025391 0.100
898 4 -4.113081932067871094 0.100
1042 0 -9.491330146789550781 0.100
1042 4 -6.245621204376220703 0.100
35 0 -4.369133949279785156 0.100
35 1 -8.999324798583984375 0.100
179 2 -6.194548130035400391 0.100
179 4 -7.128919601440429688 0.100
323 1 -1.308267354965209961 0.100
323 2 -4.307277679443359375 0.100
323 3 -2.195352077484130859 0.100
323 4 -5.447154045104980469 0.100
467 4 -7.592913150787353516 0.100
611 3 -11.428002357482910156 0.100
755 0 -2.449962854385375977 0.100
755 2 -1.902206182479858398 0.100
899 0 -0.258418202400207520 0.100
899 3 -7.471719741821289062 0.100
1043 0 -7.869505405426025391 0.100
1043 1 -5.419717311859130859 0.100
1043 2 -4.197507381439208984 0.100
1043 3 -3.156683444976806641 0.100
180 3 -0.326381087303161621 0.100
324 0 -1.960864067077636719 0.100
324 1 -1.940582513809204102 0.100
324 2 -7.996494770050048828 0.100
324 3 -9.227368354797363281 0.100
324 4 -5.386307239532470703 0.100
468 4 -4.328356266021728516 0.100
612 4 -6.741315364837646484 0.100
756 3 -9.527594566345214844 0.100
900 0 -2.799809932708740234 0.100
900 1 -2.522536039352416992 0.100
900 4 -2.165967702865600586 0.100
1044 0 -0.026155672967433929 0.100
1044 1 -7.094759941101074219 0.100
1044 2 -6.648140907287597656 0.100
37 2 -4.340687274932861328 0.100
37 4 -11.126373291015625000 0.100
181 0 -5.911088466644287109 0.100
181 3 -0.946747958660125732 0.100
181 4 -7.186359882354736328 0.100
325 0 -5.065177440643310547 0.100
469 0 -6.156591415405273438 0.100
469 1 -10.233013153076171875 0.100
469 4 -1.257778286933898926 0.100
613 0 -6.345183849334716797 0.100
613 2 -5.196897506713867188 0.100
613 3 -0.471796482801437378 0.100
613 4 -4.925551414489746094 0.100
901 1 -0.633599102497100830 0.100
901 2 -4.904454231262207031 0.100
1045 0 -5.218693256378173828 0.100
1045 1 -3.736723184585571289 0.100
1045 2 -1.848399877548217773 0.100
1045 3 -3.062736988067626953 0.100
38 1 -6.852786064147949219 0.100
38 3 -5.220012187957763672 0.100
182 0 -1.967748761177062988 0.100
182 2 -8.631132125854492188 0.100
182 3 -0.418193787336349487 0.100
326 0 -3.629817962646484375 0.100
326 1 -2.286649942398071289 0.100
326 3 -4.164051055908203125 0.100
326 4 -3.501607656478881836 0.100
470 1 -0.605937004089355469 0.100
470 3 -0.834113955497741699 0.100
614 0 -2.946019649505615234 0.100
614 1 -4.604219913482666016 0.100
614 3 -7.786917209625244141 0.100
758 0 -0.954515099525451660 0.100
902 0 -3.606637477874755859 0.100
902 1 -9.479124069213867188 0.100
902 3 -6.851366043090820312 0.100
1046 1 -4.476201534271240234 0.100
1046 2 -7.229759693145751953 0.100
1046 3 -5.577472686767578125 0.100
1046 4 -4.204056739807128906 0.100
39 0 -2.917123079299926758 0.100
39 2 -3.355578660964965820 0.100
183 0 -4.595708370208740234 0.100
183 2 -11.475271224975585938 0.100
183 3 -5.235153675079345703 0.100
327 0 -0.573618531227111816 0.100
327 2 -4.156300067901611328 0.100
615 1 -10.462124824523925781 0.100
615 4 -2.159420251846313477 0.100
903 1 -5.213293552398681641 0.100
903 4 -0.165083825588226318 0.100
1047 1 -1.682362675666809082 0.100
1047 3 -1.505501151084899902 0.100
1047 4 -1.246532559394836426 0.100
40 1 -2.478729248046875000 0.100
40 2 -2.284425973892211914 0.100
184 0 -1.281611800193786621 0.100
184 2 -8.097978591918945312 0.100
184 3 -5.957819461822509766 0.100
328 0 -6.268490314483642578 0.100
328 1 -3.004000425338745117 0.100
328 2 -7.924954891204833984 0.100
328 3 -7.051600933074951172 0.100
328 4 -3.418670654296875000 0.100
472 4 -0.132458031177520752 0.100
616 0 -1.263154745101928711 0.100
616 1 -6.691425323486328125 0.100
616 3 -8.526480674743652344 0.100
616 4 -1.758489131927490234 0.100
760 0 -1.862831234931945801 0.100
760 2 -3.444554090499877930 0.100
904 0 -0.569915413856506348 0.100
904 3 -4.345368862152099609 0.100
1048 1 -5.339663505554199219 0.100
1048 2 -0.978877782821655273 0.100
41 0 -4.307550907135009766 0.100
41 1 -3.541319608688354492 0.100
41 2 -5.474753379821777344 0.100
41 3 -5.493550777435302734 0.100
41 4 -0.237907424569129944 0.100
185 1 -3.005738258361816406 0.100
185 2 -5.016754150390625000 0.100
185 3 -3.746127843856811523 0.100
185 4 -1.666477441787719727 0.100
329 0 -4.493942737579345703 0.100
329 1 -3.783880949020385742 0.100
329 2 -6.582487106323242188 0.100
329 3 -4.922484874725341797 0.100
329 4 -3.122866153717041016 0.100
473 1 -8.848050117492675781 0.100
473 2 -3.180227279663085938 0.100
473 4 -2.183003902435302734 0.100
617 1 -5.720263481140136719 0.100
617 2 -3.173977851867675781 0.100
617 3 -4.185245037078857422 0.100
761 1 -7.299228191375732422 0.100
761 2 -3.074238777160644531 0.100
761 3 -5.043207168579101562 0.100
905 1 -0.533692896366119385 0.100
905 3 -2.533588647842407227 0.100
905 4 -7.796501159667968750 0.100
1049 1 -4.360715866088867188 0.100
1049 4 -0.283377051353454590 0.100
42 0 -3.860065221786499023 0.100
42 1 -3.212918996810913086 0.100
42 2 -6.259731769561767578 0.100
42 3 -3.990773677825927734 0.100
42 4 -6.233509063720703125 0.100
186 0 -0.241212978959083557 0.100
186 1 -4.683969497680664062 0.100
186 2 -4.714807033538818359 0.100
186 3 -0.197920024394989014 0.100
186 4 -6.194830894470214844 0.100
330 0 -2.496875762939453125 0.100
330 1 -0.646702289581298828 0.100
330 3 -0.753915548324584961 0.100
330 4 -2.100278377532958984 0.100
474 0 -3.189376592636108398 0.100
474 1 -3.389584302902221680 0.100
474 3 -5.625594139099121094 0.100
618 0 -3.036738634109497070 0.100
618 1 -4.256011962890625000 0.100
762 4 -7.332653045654296875 0.100
906 0 -0.339167326688766479 0.100
906 2 -2.210083246231079102 0.100
906 4 -7.258225917816162109 0.100
1050 1 -8.149043083190917969 0.100
43 3 -4.915659904479980469 0.100
43 4 -1.792376875877380371 0.100
187 4 -4.070403575897216797 0.100
331 4 -0.507031798362731934 0.100
475 0 -7.733777523040771484 0.100
475 1 -9.790061950683593750 0.100
619 0 -5.726345062255859375 0.100
619 1 -3.627330541610717773 0.100
619 4 -3.821661710739135742 0.100
763 1 -3.303287267684936523 0.100
763 2 -0.320963948965072632 0.100
763 4 -4.838572978973388672 0.100
907 0 -7.735864639282226562 0.100
907 3 -4.530551910400390625 0.100
1051 0 -2.369234561920166016 0.100
1051 2 -4.664513587951660156 0.100
1051 4 -0.073095537722110748 0.100
44 2 -4.858567237854003906 0.100
44 4 -4.795422077178955078 0.100
188 2 -5.822552680969238281 0.100
332 0 -3.373916864395141602 0.100
332 1 -7.099439620971679688 0.100
332 3 -2.110282182693481445 0.100
332 4 -3.512578725814819336 0.100
476 0 -3.568484783172607422 0.100
476 1 -1.671411156654357910 0.100
476 2 -5.430474758148193359 0.100
476 4 -3.871487140655517578 0.100
620 0 -8.220980644226074219 0.100
620 1 -6.313266277313232422 0.100
620 2 -0.505913376808166504 0.100
620 4 -4.661956787109375000 0.100
764 0 -3.308589696884155273 0.100
764 1 -0.504281222820281982 0.100
764 2 -6.431159496307373047 0.100
764 4 -3.558245182037353516 0.100
908 4 -4.430059909820556641 0.100
1052 0 -2.596257209777832031 0.100
1052 4 -4.887574195861816406 0.100
45 1 -5.489288330078125000 0.100
45 3 -1.221367835998535156 0.100
45 4 -4.015759944915771484 0.100
189 2 -5.675966739654541016 0.100
189 3 -0.730688571929931641 0.100
189 4 -0.603136360645294189 0.100
333 0 -5.255644798278808594 0.100
333 1 -1.596903204917907715 0.100
333 2 -3.561470270156860352 0.100
333 3 -2.046236753463745117 0.100
333 4 -6.037685394287109375 0.100
477 0 -8.093994140625000000 0.100
477 2 -6.288032054901123047 0.100
477 3 -0.100713700056076050 0.100
477 4 -2.588737010955810547 0.100
621 0 -1.683497548103332520 0.100
621 1 -0.611060261726379395 0.100
621 2 -9.488372802734375000 0.100
621 3 -2.329833745956420898 0.100
621 4 -4.428113460540771484 0.100
765 0 -6.373857975006103516 0.100
765 2 -5.207506179809570312 0.100
765 3 -3.756647586822509766 0.100
765 4 -2.013030767440795898 0.100
909 2 -7.068773746490478516 0.100
909 4 -2.207989931106567383 0.100
1053 1 -6.062851428985595703 0.100
1053 3 -0.657353460788726807 0.100
46 4 -4.103303909301757812 0.100
190 0 -5.426915645599365234 0.100
190 1 -0.533481955528259277 0.100
190 2 -7.248528480529785156 0.100
190 3 -1.639942526817321777 0.100
190 4 -3.124665260314941406 0.100
334 1 -3.406301736831665039 0.100
334 3 -4.680522918701171875 0.100
334 4 -3.538033723831176758 0.100
478 0 -0.641702830791473389 0.100
478 1 -4.940098285675048828 0.100
478 2 -1.160578727722167969 0.100
478 3 -0.018497517332434654 0.100
622 1 -14.059514999389648438 0.100
766 0 -3.211202621459960938 0.100
766 1 -9.673508644104003906 0.100
766 2 -2.035184860229492188 0.100
910 3 -4.635217189788818359 0.100
910 4 -8.233297348022460938 0.100
1054 2 -6.349221706390380859 0.100
1054 3 -1.541583061218261719 0.100
47 0 -3.983332157135009766 0.100
47 1 -5.291015148162841797 0.100
47 3 -6.254287242889404297 0.100
47 4 -0.789471447467803955 0.100
191 2 -5.501760959625244141 0.100
335 0 -3.059134006500244141 0.100
335 2 -5.546612262725830078 0.100
335 3 -6.726911067962646484 0.100
335 4 -2.381548166275024414 0.100
479 0 -1.692490577697753906 0.100
479 2 -5.893622398376464844 0.100
479 3 -8.072183609008789062 0.100
623 3 -11.429211616516113281 0.100
767 0 -4.909583091735839844 0.100
767 2 -1.400881886482238770 0.100
767 3 -7.142062187194824219 0.100
767 4 -0.594396233558654785 0.100
911 0 -2.503633022308349609 0.100
911 3 -4.596412658691406250 0.100
911 4 -4.074934005737304688 0.100
1055 0 -8.407896995544433594 0.100
1055 3 -5.483135700225830078 0.100
1055 4 -1.970906496047973633 0.100
48 3 -6.155699253082275391 0.100
48 4 -7.036702632904052734 0.100
192 1 -1.567059755325317383 0.100
192 2 -2.436404705047607422 0.100
192 3 -6.011694908142089844 0.100
336 2 -3.575704813003540039 0.100
336 3 -3.378253221511840820 0.100
480 0 -1.388693571090698242 0.100
480 3 -4.519362926483154297 0.100
480 4 -11.106657981872558594 0.100
624 3 -1.259223461151123047 0.100
624 4 -4.594454765319824219 0.100
768 0 -4.984429836273193359 0.100
912 0 -5.332234859466552734 0.100
912 1 -1.861977815628051758 0.100
1056 0 -3.207004547119140625 0.100
1056 4 -6.187397956848144531 0.100
49 2 -1.613841176033020020 0.100
193 2 -7.278237819671630859 0.100
193 4 -1.475920438766479492 0.100
337 1 -3.709743976593017578 0.100
337 2 -1.713719844818115234 0.100
337 3 -0.711655020713806152 0.100
481 0 -8.486643791198730469 0.100
481 4 -0.165235251188278198 0.100
625 0 -4.640132904052734375 0.100
625 1 -5.571887016296386719 0.100
625 4 -10.445905685424804688 0.100
769 0 -4.306044101715087891 0.100
769 3 -2.091793298721313477 0.100
769 4 -11.745377540588378906 0.100
913 0 -3.390626430511474609 0.100
913 1 -8.209719657897949219 0.100
913 3 -1.665338158607482910 0.100
913 4 -1.449694514274597168 0.100
1057 1 -2.864228487014770508 0.100
1057 3 -3.809483528137207031 0.100
50 2 -0.280931085348129272 0.100
50 3 -1.522660136222839355 0.100
194 2 -10.351749420166015625 0.100
194 3 -7.261317729949951172 0.100
338 1 -8.142660140991210938 0.100
338 2 -2.640629529953002930 0.100
482 0 -0.684127867221832275 0.100
482 2 -1.890617966651916504 0.100
482 3 -4.371816158294677734 0.100
626 0 -3.111307382583618164 0.100
626 1 -8.243429183959960938 0.100
626 2 -2.256971836090087891 0.100
626 3 -2.773001194000244141 0.100
770 0 -3.186142444610595703 0.100
770 1 -2.566022872924804688 0.100
770 2 -1.169137239456176758 0.100
770 3 -9.043190956115722656 0.100
914 2 -0.826505422592163086 0.100
914 3 -2.345769882202148438 0.100
1058 2 -1.207287788391113281 0.100
1058 4 -13.417771339416503906 0.100
51 1 -2.662900447845458984 0.100
51 2 -8.980046272277832031 0.100
51 3 -1.958106756210327148 0.100
195 0 -7.169301986694335938 0.100
195 1 -6.481456279754638672 0.100
195 2 -5.814654350280761719 0.100
195 4 -0.437336593866348267 0.100
339 2 -3.648149013519287109 0.100
483 2 -9.161071777343750000 0.100
483 3 -1.890769243240356445 0.100
483 4 -1.035583972930908203 0.100
627 2 -10.544248580932617188 0.100
627 4 -8.204673767089843750 0.100
771 0 -4.922658443450927734 0.100
771 1 -0.195127800107002258 0.100
915 0 -2.360517024993896484 0.100
915 3 -1.193197846412658691 0.100
915 4 -8.366800308227539062 0.100
1059 1 -5.266259670257568359 0.100
1059 3 -10.350579261779785156 0.100
52 1 -1.105029821395874023 0.100
196 0 -1.234162211418151855 0.100
196 1 -3.266776323318481445 0.100
196 2 -5.777176856994628906 0.100
196 3 -0.888781428337097168 0.100
196 4 -1.888978242874145508 0.100
340 3 -5.582379817962646484 0.100
340 4 -10.619883537292480469 0.100
484 3 -5.143798351287841797 0.100
628 1 -4.145681381225585938 0.100
628 3 -2.624349832534790039 0.100
628 4 -3.548705101013183594 0.100
772 2 -5.266009330749511719 0.100
772 3 -7.962293148040771484 0.100
916 0 -2.617118597030639648 0.100
916 1 -5.486892223358154297 0.100
1060 1 -1.732752084732055664 0.100
1060 2 -6.888648509979248047 0.100
1060 4 -1.035000562667846680 0.100
53 1 -4.379961490631103516 0.100
53 2 -2.083119153976440430 0.100
197 3 -5.830689430236816406 0.100
197 4 -7.457723140716552734 0.100
341 1 -6.769524097442626953 0.100
341 2 -3.396594524383544922 0.100
341 4 -7.734778404235839844 0.100
485 1 -0.813139259815216064 0.100
629 1 -1.304365038871765137 0.100
629 4 -3.819334268569946289 0.100
773 2 -0.791471481323242188 0.100
773 3 -4.465434551239013672 0.100
917 1 -0.651654601097106934 0.100
917 2 -6.778251171112060547 0.100
917 3 -4.480205059051513672 0.100
1061 4 -2.096133708953857422 0.100
54 0 -1.547443628311157227 0.100
54 4 -5.734987735748291016 0.100
198 1 -7.422619342803955078 0.100
198 2 -2.480505228042602539 0.100
198 3 -1.041482090950012207 0.100
198 4 -6.071730613708496094 0.100
342 4 -4.619346141815185547 0.100
486 1 -7.641016960144042969 0.100
486 2 -2.885162830352783203 0.100
486 4 -11.862769126892089844 0.100
630 1 -1.055196881294250488 0.100
630 3 -0.879667818546295166 0.100
630 4 -13.076655387878417969 0.100
774 1 -6.230711460113525391 0.100
774 3 -5.175376892089843750 0.100
774 4 -9.216426849365234375 0.100
918 0 -10.276489257812500000 0.100
918 3 -3.418560028076171875 0.100
1062 1 -0.691871106624603271 0.100
1062 4 -7.910680770874023438 0.100
55 0 -1.980993151664733887 0.100
55 4 -2.944002151489257812 0.100
199 3 -7.545451164245605469 0.100
199 4 -8.814551353454589844 0.100
343 0 -6.658234119415283203 0.100
343 1 -8.546845436096191406 0.100
343 3 -1.485232591629028320 0.100
487 1 -5.808708190917968750 0.100
487 3 -5.583274841308593750 0.100
631 0 -9.931663513183593750 0.100
631 2 -3.950244903564453125 0.100
631 3 -2.795607805252075195 0.100
775 0 -0.960251033306121826 0.100
775 3 -8.306607246398925781 0.100
775 4 -7.617493629455566406 0.100
919 1 -1.260659694671630859 0.100
919 2 -0.888769567012786865 0.100
1063 1 -3.624764204025268555 0.100
56 1 -6.492615222930908203 0.100
56 3 -4.598495006561279297 0.100
200 0 -0.092324651777744293 0.100
200 1 -5.002289295196533203 0.100
200 3 -6.239639282226562500 0.100
200 4 -6.236420631408691406 0.100
344 0 -5.980841159820556641 0.100
344 1 -6.778394222259521484 0.100
344 2 -2.985765933990478516 0.100
344 3 -6.561076641082763672 0.100
488 4 -9.094852447509765625 0.100
632 0 -2.763937711715698242 0.100
632 1 -6.698109149932861328 0.100
632 4 -4.048533916473388672 0.100
776 2 -1.784878730773925781 0.100
776 3 -4.277297019958496094 0.100
776 4 -2.810328006744384766 0.100
920 2 -7.429678440093994141 0.100
920 4 -8.304665565490722656 0.100
1064 0 -7.986106872558593750 0.100
1064 1 -1.584076642990112305 0.100
1064 2 -10.667830467224121094 0.100
1064 3 -5.217559814453125000 0.100
1064 4 -1.732086896896362305 0.100
57 0 -3.570950984954833984 0.100
57 3 -1.280517339706420898 0.100
57 4 -4.926812648773193359 0.100
201 0 -5.365950107574462891 0.100
201 1 -4.346667289733886719 0.100
201 2 -9.653806686401367188 0.100
201 3 -4.719426155090332031 0.100
201 4 -2.939655065536499023 0.100
345 2 -8.000184059143066406 0.100
489 1 -3.297299623489379883 0.100
489 2 -7.835128784179687500 0.100
489 3 -5.551770210266113281 0.100
633 1 -0.328039586544036865 0.100
633 2 -1.704934120178222656 0.100
633 3 -8.025027275085449219 0.100
777 0 -4.178071022033691406 0.100
777 2 -7.462208747863769531 0.100
777 4 -5.657845973968505859 0.100
921 2 -5.801494598388671875 0.100
921 3 -0.944812238216400146 0.100
921 4 -2.997489929199218750 0.100
1065 4 -3.949629783630371094 0.100
58 0 -5.162013530731201172 0.100
58 3 -2.771679878234863281 0.100
202 0 -4.399096012115478516 0.100
202 3 -4.179866313934326172 0.100
346 1 -7.048454761505126953 0.100
346 2 -2.976603031158447266 0.100
346 4 -0.863673269748687744 0.100
490 1 -10.687956809997558594 0.100
490 2 -2.371840238571166992 0.100
634 1 -6.324638366699218750 0.100
634 2 -0.051157992333173752 0.100
634 3 -7.495911598205566406 0.100
778 0 -0.519715011119842529 0.100
778 1 -7.891716957092285156 0.100
778 3 -3.566168069839477539 0.100
778 4 -6.021494865417480469 0.100
922 1 -3.909665584564208984 0.100
922 2 -5.689730167388916016 0.100
922 3 -7.520943164825439453 0.100
1066 3 -6.173169612884521484 0.100
59 0 -3.605707168579101562 0.100
59 2 -3.485237836837768555 0.100
203 4 -1.117450594902038574 0.100
347 2 -1.094660520553588867 0.100
491 1 -7.584289550781250000 0.100
491 2 -4.308255195617675781 0.100
491 3 -4.643086433410644531 0.100
635 0 -3.946729421615600586 0.100
635 1 -2.549641370773315430 0.100
635 2 -9.428462982177734375 0.100
779 0 -0.926336228847503662 0.100
779 1 -8.026755332946777344 0.100
779 2 -4.554399967193603516 0.100
779 3 -6.630680561065673828 0.100
779 4 -0.544669449329376221 0.100
923 1 -1.622231245040893555 0.100
923 3 -5.773963928222656250 0.100
923 4 -0.433559447526931763 0.100
1067 1 -3.618517160415649414 0.100
60 1 -2.534484386444091797 0.100
60 2 -4.971572875976562500 0.100
60 3 -2.590245962142944336 0.100
204 0 -0.577578067779541016 0.100
204 1 -4.680439949035644531 0.100
204 2 -5.767450332641601562 0.100
204 3 -8.644965171813964844 0.100
348 2 -6.830137729644775391 0.100
348 3 -5.162957668304443359 0.100
348 4 -7.232147693634033203 0.100
492 0 -3.198707580566406250 0.100
492 3 -12.211268424987792969 0.100
492 4 -6.798404216766357422 0.100
636 0 -1.676236748695373535 0.100
636 3 -4.324065685272216797 0.100
780 2 -3.318717241287231445 0.100
780 3 -11.285021781921386719 0.100
780 4 -7.696568965911865234 0.100
924 0 -9.148298263549804688 0.100
924 3 -5.696853637695312500 0.100
1068 0 -7.629399776458740234 0.100
1068 1 -4.405450344085693359 0.100
1068 4 -3.202199459075927734 0.100
61 2 -5.143013000488281250 0.100
61 3 -6.676926612854003906 0.100
61 4 -4.994951248168945312 0.100
205 0 -2.853085517883300781 0.100
205 1 -0.296066164970397949 0.100
205 3 -3.659834623336791992 0.100
349 2 -7.671864032745361328 0.100
349 4 -9.567691802978515625 0.100
493 1 -0.143662273883819580 0.100
493 2 -7.989405155181884766 0.100
493 3 -2.594917297363281250 0.100
493 4 -3.029451847076416016 0.100
637 1 -8.711133003234863281 0.100
637 4 -0.529153585433959961 0.100
781 0 -4.936427593231201172 0.100
781 1 -3.790744304656982422 0.100
781 4 -11.082908630371093750 0.100
925 3 -0.336946934461593628 0.100
925 4 -8.327710151672363281 0.100
1069 2 -0.410483717918395996 0.100
1069 3 -0.362074464559555054 0.100
1069 4 -3.989133119583129883 0.100
62 2 -5.771532535552978516 0.100
62 3 -5.824011802673339844 0.100
206 0 -4.256508827209472656 0.100
206 1 -3.632857084274291992 0.100
206 3 -5.515204906463623047 0.100
206 4 -1.856345176696777344 0.100
350 1 -5.176627635955810547 0.100
350 2 -1.662642240524291992 0.100
350 4 -3.620166301727294922 0.100
494 0 -4.718479633331298828 0.100
494 1 -1.284410834312438965 0.100
494 2 -7.711414337158203125 0.100
494 3 -0.949765741825103760 0.100
638 0 -5.636496543884277344 0.100
638 2 -1.954789042472839355 0.100
638 3 -7.856133937835693359 0.100
638 4 -2.229560375213623047 0.100
782 0 -4.011451721191406250 0.100
782 1 -1.077274441719055176 0.100
782 2 -5.621109008789062500 0.100
782 4 -1.319356679916381836 0.100
926 0 -3.887922763824462891 0.100
926 3 -8.913470268249511719 0.100
1070 1 -1.841228842735290527 0.100
1070 2 -4.559043884277343750 0.100
1070 3 -1.753066658973693848 0.100
1070 4 -1.852995753288269043 0.100
63 2 -9.838524818420410156 0.100
63 3 -4.876810550689697266 0.100
351 1 -4.654987335205078125 0.100
351 2 -4.055286884307861328 0.100
351 3 -3.559604644775390625 0.100
351 4 -1.532653093338012695 0.100
495 1 -7.674454212188720703 0.100
639 1 -6.457952976226806641 0.100
639 3 -8.022225379943847656 0.100
783 0 -8.057589530944824219 0.100
783 1 -0.772824168205261230 0.100
783 4 -4.948443412780761719 0.100
927 1 -5.880232810974121094 0.100
927 3 -2.720468759536743164 0.100
1071 0 -5.542623996734619141 0.100
1071 1 -0.472918063402175903 0.100
1071 2 -7.202728271484375000 0.100
64 3 -3.419675827026367188 0.100
64 4 -2.697498321533203125 0.100
208 1 -1.218316197395324707 0.100
352 0 -2.972048044204711914 0.100
496 1 -1.996338844299316406 0.100
496 2 -3.086737394332885742 0.100
496 4 -1.921393513679504395 0.100
640 0 -1.679966926574707031 0.100
640 2 -2.490824222564697266 0.100
784 0 -6.116056919097900391 0.100
784 2 -0.843845844268798828 0.100
928 1 -1.108142018318176270 0.100
928 2 -9.065094947814941406 0.100
928 3 -4.990478038787841797 0.100
1072 0 -6.759839057922363281 0.100
1072 3 -5.077087879180908203 0.100
65 0 -0.012952131219208241 0.100
65 1 -8.610223770141601562 0.100
65 2 -1.077452063560485840 0.100
65 3 -8.036661148071289062 0.100
209 0 -1.995105981826782227 0.100
209 1 -7.023417472839355469 0.100
209 3 -1.359177231788635254 0.100
209 4 -3.549902677536010742 0.100
353 0 -1.710268497467041016 0.100
353 1 -10.712584495544433594 0.100
353 2 -3.444795846939086914 0.100
353 4 -1.164352297782897949 0.100
497 4 -8.907348632812500000 0.100
641 1 -5.405611038208007812 0.100
641 4 -3.870832681655883789 0.100
785 3 -10.225777626037597656 0.100
929 0 -3.690178871154785156 0.100
929 2 -3.343743324279785156 0.100
929 3 -4.758744239807128906 0.100
1073 2 -3.815961599349975586 0.100
1073 3 -4.768131732940673828 0.100
1073 4 -1.466100692749023438 0.100
66 1 -6.975992679595947266 0.100
66 2 -0.217190980911254883 0.100
66 4 -1.763044714927673340 0.100
210 0 -3.695386171340942383 0.100
210 1 -5.220293521881103516 0.100
354 1 -5.122578620910644531 0.100
498 1 -2.623343229293823242 0.100
498 2 -4.458356380462646484 0.100
498 3 -1.242629766464233398 0.100
498 4 -4.690441608428955078 0.100
642 1 -6.832127094268798828 0.100
786 1 -4.959502696990966797 0.100
786 2 -5.342771053314208984 0.100
786 4 -1.411563396453857422 0.100
930 2 -1.663102507591247559 0.100
1074 0 -4.955495834350585938 0.100
1074 3 -1.488382458686828613 0.100
1074 4 -5.676063060760498047 0.100
67 0 -4.266147613525390625 0.100
67 4 -4.815179347991943359 0.100
211 2 -5.679323673248291016 0.100
211 3 -7.864731311798095703 0.100
355 3 -2.510464668273925781 0.100
499 1 -2.041863441467285156 0.100
499 2 -1.430812597274780273 0.100
499 3 -6.044036865234375000 0.100
499 4 -3.753376960754394531 0.100
643 0 -6.933990478515625000 0.100
643 3 -7.720868587493896484 0.100
643 4 -2.433294057846069336 0.100
787 1 -6.178679943084716797 0.100
787 2 -3.044835329055786133 0.100
787 3 -0.393267422914505005 0.100
787 4 -9.921317100524902344 0.100
931 4 -1.757848381996154785 0.100
1075 0 -1.126878023147583008 0.100
1075 1 -7.022593021392822266 0.100
1075 2 -6.197207450866699219 0.100
1075 3 -2.227849960327148438 0.100
1075 4 -4.319959163665771484 0.100
68 0 -7.432186603546142578 0.100
68 3 -3.872573375701904297 0.100
68 4 -0.873589813709259033 0.100
212 0 -7.834237575531005859 0.100
212 2 -6.132822513580322266 0.100
212 3 -3.284873008728027344 0.100
356 1 -5.364120483398437500 0.100
356 2 -4.325111389160156250 0.100
356 4 -2.089949369430541992 0.100
500 0 -5.320937633514404297 0.100
500 2 -3.068566322326660156 0.100
500 3 -1.285964012145996094 0.100
644 0 -2.820642948150634766 0.100
644 1 -1.107072353363037109 0.100
644 2 -1.147591590881347656 0.100
644 3 -1.194187283515930176 0.100
644 4 -0.739280879497528076 0.100
788 0 -5.254118919372558594 0.100
788 1 -1.053859353065490723 0.100
788 2 -0.800082087516784668 0.100
788 4 -6.858057022094726562 0.100
932 1 -8.616607666015625000 0.100
932 2 -3.819950103759765625 0.100
932 4 -0.222762033343315125 0.100
69 4 -4.914505958557128906 0.100
213 0 -6.503129482269287109 0.100
213 2 -1.547166943550109863 0.100
213 3 -4.701418876647949219 0.100
213 4 -0.635752499103546143 0.100
357 1 -0.886284649372100830 0.100
357 2 -0.662847280502319336 0.100
501 2 -7.124780178070068359 0.100
501 3 -7.317464828491210938 0.100
501 4 -1.482160568237304688 0.100
645 1 -3.941384553909301758 0.100
645 2 -0.698113322257995605 0.100
645 3 -3.109776735305786133 0.100
789 0 -5.361717700958251953 0.100
789 1 -0.757672667503356934 0.100
789 2 -8.655147552490234375 0.100
789 3 -0.493634104728698730 0.100
933 2 -0.125257179141044617 0.100
933 3 -0.168919816613197327 0.100
1077 0 -3.357131481170654297 0.100
1077 1 -6.427227973937988281 0.100
1077 2 -1.462504386901855469 0.100
1077 3 -3.033030509948730469 0.100
1077 4 -7.342924594879150391 0.100
70 2 -3.196382761001586914 0.100
70 3 -3.177841663360595703 0.100
214 1 -3.224241018295288086 0.100
214 2 -5.298197746276855469 0.100
358 0 -2.139008760452270508 0.100
358 1 -10.836560249328613281 0.100
358 2 -8.418461799621582031 0.100
502 0 -1.978341102600097656 0.100
502 1 -8.096487045288085938 0.100
502 4 -8.890930175781250000 0.100
646 4 -8.324651718139648438 0.100
790 0 -1.712865471839904785 0.100
790 1 -8.964624404907226562 0.100
790 2 -8.198444366455078125 0.100
934 0 -6.566800117492675781 0.100
934 1 -0.689081668853759766 0.100
934 2 -2.349908590316772461 0.100
1078 1 -1.487409234046936035 0.100
1078 2 -10.364941596984863281 0.100
1078 3 -1.033426642417907715 0.100
71 1 -6.925205707550048828 0.100
215 2 -4.348788261413574219 0.100
215 3 -3.931583166122436523 0.100
359 0 -6.024038314819335938 0.100
359 1 -8.304355621337890625 0.100
359 3 -0.085633084177970886 0.100
503 1 -1.714690566062927246 0.100
503 3 -0.466789573431015015 0.100
647 1 -3.116058111190795898 0.100
647 3 -2.764082193374633789 0.100
647 4 -7.193251609802246094 0.100
791 3 -3.098809480667114258 0.100
935 0 -8.928177833557128906 0.100
1079 2 -9.125278472900390625 0.100
72 0 -1.600409984588623047 0.100
72 4 -0.129887834191322327 0.100
216 0 -4.683841705322265625 0.100
216 1 -4.328606128692626953 0.100
216 2 -7.535440444946289062 0.100
216 4 -5.126542568206787109 0.100
360 3 -7.827953815460205078 0.100
360 4 -3.261045694351196289 0.100
504 0 -3.569727420806884766 0.100
504 2 -6.148589134216308594 0.100
504 3 -8.386797904968261719 0.100
504 4 -5.364709377288818359 0.100
648 0 -4.628923892974853516 0.100
648 2 -3.000769376754760742 0.100
648 4 -7.443302631378173828 0.100
792 2 -5.773682117462158203 0.100
792 3 -4.842238903045654297 0.100
792 4 -11.046547889709472656 0.100
936 1 -1.428161978721618652 0.100
936 3 -7.043818950653076172 0.100
936 4 -3.076187372207641602 0.100
1080 1 -2.754183769226074219 0.100
1080 2 -7.060621738433837891 0.100
1080 4 -5.873910903930664062 0.100
73 0 -7.639684677124023438 0.100
73 1 -3.553880453109741211 0.100
73 2 -6.157670974731445312 0.100
73 3 -4.887258052825927734 0.100
73 4 -5.578031539916992188 0.100
217 1 -9.110173225402832031 0.100
217 4 -6.377282142639160156 0.100
361 0 -4.490897178649902344 0.100
361 1 -0.848239123821258545 0.100
361 4 -9.454829216003417969 0.100
505 0 -7.152108192443847656 0.100
505 1 -3.060999393463134766 0.100
505 2 -0.838063120841979980 0.100
505 4 -1.261879205703735352 0.100
649 0 -4.196066856384277344 0.100
649 1 -7.141675472259521484 0.100
649 3 -7.737610816955566406 0.100
793 1 -4.084502696990966797 0.100
937 3 -2.181447267532348633 0.100
937 4 -4.411731243133544922 0.100
1081 1 -2.931208610534667969 0.100
1081 2 -6.044473648071289062 0.100
1081 3 -4.759081840515136719 0.100
74 0 -1.918432593345642090 0.100
74 2 -0.827681899070739746 0.100
74 3 -1.075415730476379395 0.100
218 0 -1.807069182395935059 0.100
218 1 -2.160284757614135742 0.100
218 4 -8.347030639648437500 0.100
362 1 -7.469542026519775391 0.100
362 2 -4.650370597839355469 0.100
362 4 -3.052469491958618164 0.100
650 0 -4.306572914123535156 0.100
650 1 -5.441418170928955078 0.100
794 0 -5.014218330383300781 0.100
794 1 -5.183732032775878906 0.100
794 2 -3.257245540618896484 0.100
794 4 -5.001137733459472656 0.100
938 0 -3.931767463684082031 0.100
938 2 -8.560895919799804688 0.100
1082 0 -6.527492523193359375 0.100
1082 2 -0.846601843833923340 0.100
1082 3 -3.142921686172485352 0.100
1082 4 -6.298815727233886719 0.100
75 2 -3.881155252456665039 0.100
75 3 -3.467912673950195312 0.100
219 1 -5.302055835723876953 0.100
219 2 -1.391231060028076172 0.100
219 3 -7.728532791137695312 0.100
219 4 -5.586635589599609375 0.100
363 1 -0.968731641769409180 0.100
363 2 -5.011195659637451172 0.100
363 4 -2.607490777969360352 0.100
507 0 -2.510334014892578125 0.100
507 2 -1.458968162536621094 0.100
507 4 -2.259511709213256836 0.100
651 1 -5.910018920898437500 0.100
651 3 -6.560023307800292969 0.100
795 2 -4.375150203704833984 0.100
795 3 -7.936134338378906250 0.100
939 0 -4.893218994140625000 0.100
939 1 -7.883462905883789062 0.100
939 3 -0.108831845223903656 0.100
1083 1 -3.730542421340942383 0.100
1083 3 -4.683933258056640625 0.100
1083 4 -4.315717697143554688 0.100
76 2 -3.875423431396484375 0.100
76 4 -1.421949028968811035 0.100
220 1 -8.475446701049804688 0.100
364 0 -4.241150379180908203 0.100
364 1 -4.477376461029052734 0.100
364 3 -1.835140585899353027 0.100
508 0 -7.173789978027343750 0.100
508 2 -1.095576286315917969 0.100
508 4 -8.909339904785156250 0.100
652 0 -7.667875766754150391 0.100
652 4 -2.987929344177246094 0.100
796 0 -6.067365169525146484 0.100
796 2 -6.922924041748046875 0.100
796 4 -3.056745529174804688 0.100
940 4 -7.210651397705078125 0.100
1084 2 -3.562707662582397461 0.100
1084 4 -3.424419641494750977 0.100
221 0 -0.832438290119171143 0.100
221 1 -8.747974395751953125 0.100
221 2 -5.004612922668457031 0.100
365 1 -6.254801273345947266 0.100
365 2 -0.489589363336563110 0.100
365 3 -3.877809047698974609 0.100
509 1 -2.059674978256225586 0.100
653 0 -4.537336826324462891 0.100
653 4 -7.851511001586914062 0.100
797 0 -2.971323251724243164 0.100
797 2 -5.104971408843994141 0.100
797 3 -3.006817340850830078 0.100
941 2 -2.603726387023925781 0.100
1085 0 -1.345047593116760254 0.100
1085 1 -3.858663082122802734 0.100
1085 4 -4.478733062744140625 0.100
78 0 -0.051260273903608322 0.100
78 1 -1.653774857521057129 0.100
78 3 -5.811015605926513672 0.100
78 4 -0.921530723571777344 0.100
222 1 -7.573139190673828125 0.100
222 2 -5.995982646942138672 0.100
222 4 -3.526933193206787109 0.100
366 1 -3.874338388442993164 0.100
366 4 -11.972011566162109375 0.100
510 0 -3.245743274688720703 0.100
510 1 -6.553206443786621094 0.100
654 1 -8.500456809997558594 0.100
654 4 -7.716627120971679688 0.100
798 1 -6.221938610076904297 0.100
798 4 -5.678224563598632812 0.100
942 0 -4.976467609405517578 0.100
942 1 -5.479610919952392578 0.100
942 4 -1.731223464012145996 0.100
1086 0 -6.453861236572265625 0.100
1086 1 -4.529626846313476562 0.100
1086 2 -6.253000259399414062 0.100
1086 3 -1.962799906730651855 0.100
79 0 -1.912707805633544922 0.100
79 1 -7.128584861755371094 0.100
79 4 -8.675479888916015625 0.100
223 0 -7.213940620422363281 0.100
223 2 -4.526829719543457031 0.100
367 0 -0.044072519987821579 0.100
367 2 -0.310021907091140747 0.100
511 0 -7.464177131652832031 0.100
511 3 -5.209049701690673828 0.100
655 0 -2.383248805999755859 0.100
655 3 -1.178760528564453125 0.100
799 0 -2.756291627883911133 0.100
799 1 -1.514201164245605469 0.100
943 0 -1.451230525970458984 0.100
943 3 -1.748686790466308594 0.100
943 4 -5.218699455261230469 0.100
1087 0 -1.892955183982849121 0.100
1087 4 -9.592720985412597656 0.100
80 0 -7.606204032897949219 0.100
80 4 -0.927204191684722900 0.100
224 0 -4.484248161315917969 0.100
224 2 -8.108425140380859375 0.100
224 4 -2.676810979843139648 0.100
368 2 -6.051882743835449219 0.100
368 3 -0.551794588565826416 0.100
368 4 -0.444528102874755859 0.100
512 1 -2.784261703491210938 0.100
512 2 -3.367961406707763672 0.100
512 4 -5.742580413818359375 0.100
656 0 -7.142987728118896484 0.100
656 2 -7.927627086639404297 0.100
656 3 -3.422462940216064453 0.100
800 0 -5.337920188903808594 0.100
800 4 -4.959883689880371094 0.100
944 1 -1.337960839271545410 0.100
1088 0 -2.881948709487915039 0.100
1088 2 -4.494290828704833984 0.100
1088 4 -5.453851699829101562 0.100
81 0 -4.025296688079833984 0.100
81 2 -8.602051734924316406 0.100
81 3 -2.734619379043579102 0.100
81 4 -6.424908161163330078 0.100
225 0 -3.785364151000976562 0.100
225 1 -3.261560678482055664 0.100
225 2 -7.355590820312500000 0.100
225 3 -0.901913762092590332 0.100
513 0 -3.275975227355957031 0.100
513 2 -0.759849429130554199 0.100
513 3 -3.201988697052001953 0.100
513 4 -6.290876865386962891 0.100
657 0 -5.158799171447753906 0.100
657 2 -1.198627352714538574 0.100
801 0 -4.498067855834960938 0.100
801 4 -1.848518133163452148 0.100
945 0 -2.487971544265747070 0.100
1089 0 -7.771741867065429688 0.100
1089 4 -4.103442668914794922 0.100
82 0 -6.118047714233398438 0.100
82 2 -0.117826953530311584 0.100
82 3 -3.810077905654907227 0.100
82 4 -0.131305605173110962 0.100
226 1 -8.366455078125000000 0.100
226 3 -4.928874969482421875 0.100
370 1 -0.369888424873352051 0.100
370 2 -1.988449811935424805 0.100
370 3 -4.736846923828125000 0.100
514 1 -1.456385970115661621 0.100
514 2 -5.000166416168212891 0.100
514 4 -9.693150520324707031 0.100
658 1 -3.251939535140991211 0.100
658 3 -4.458794593811035156 0.100
658 4 -3.607753515243530273 0.100
802 1 -1.416893124580383301 0.100
802 2 -3.158424854278564453 0.100
802 3 -3.608647346496582031 0.100
802 4 -1.409834980964660645 0.100
1090 3 -3.093447923660278320 0.100
83 1 -3.047833442687988281 0.100
83 3 -3.331213474273681641 0.100
83 4 -1.357293367385864258 0.100
227 0 -0.257839769124984741 0.100
227 1 -11.160795211791992188 0.100
227 2 -1.645945787429809570 0.100
227 3 -7.622672080993652344 0.100
227 4 -2.406188011169433594 0.100
371 0 -0.047157596796751022 0.100
371 1 -4.434680461883544922 0.100
371 3 -4.159266948699951172 0.100
515 0 -0.360476493835449219 0.100
515 1 -1.789106607437133789 0.100
515 3 -5.061832427978515625 0.100
515 4 -0.300632715225219727 0.100
659 2 -0.154078811407089233 0.100
659 3 -4.638775348663330078 0.100
947 0 -7.245269298553466797 0.100
947 1 -6.500036239624023438 0.100
947 3 -2.966858863830566406 0.100
1091 0 -8.829047203063964844 0.100
1091 4 -2.830117225646972656 0.100
84 2 -2.310780048370361328 0.100
84 3 -5.959757804870605469 0.100
84 4 -3.284838676452636719 0.100
228 0 -8.233559608459472656 0.100
228 1 -2.648091077804565430 0.100
372 0 -2.174623489379882812 0.100
372 2 -4.918045997619628906 0.100
372 3 -0.184294745326042175 0.100
372 4 -0.806726694107055664 0.100
516 2 -5.903109073638916016 0.100
516 3 -3.713101387023925781 0.100
516 4 -11.686844825744628906 0.100
660 2 -0.490340501070022583 0.100
660 3 -1.843652606010437012 0.100
660 4 -9.718040466308593750 0.100
804 2 -3.578853130340576172 0.100
804 3 -4.157274246215820312 0.100
804 4 -8.968646049499511719 0.100
948 1 -3.452037096023559570 0.100
948 2 -7.574339389801025391 0.100
1092 2 -7.622050285339355469 0.100
1092 3 -6.039525985717773438 0.100
1092 4 -3.871648550033569336 0.100
85 0 -3.880458831787109375 0.100
85 3 -6.145508766174316406 0.100
85 4 -9.679928779602050781 0.100
229 0 -2.260199308395385742 0.100
229 1 -0.712147355079650879 0.100
229 4 -2.127907514572143555 0.100
373 0 -3.247865676879882812 0.100
373 1 -4.040725708007812500 0.100
373 4 -7.718629360198974609 0.100
517 1 -9.893333435058593750 0.100
517 3 -1.644050955772399902 0.100
517 4 -0.116270810365676880 0.100
661 0 -3.526963472366333008 0.100
661 1 -9.473623275756835938 0.100
661 2 -6.482496261596679688 0.100
661 3 -1.459369182586669922 0.100
805 0 -3.278739213943481445 0.100
805 2 -0.852848410606384277 0.100
805 4 -2.434482812881469727 0.100
949 0 -4.604195594787597656 0.100
949 1 -0.941232502460479736 0.100
949 2 -1.299257278442382812 0.100
949 3 -1.186719417572021484 0.100
1093 0 -1.438080549240112305 0.100
1093 1 -1.548382163047790527 0.100
1093 2 -1.956384301185607910 0.100
86 0 -4.660330772399902344 0.100
86 1 -1.995577216148376465 0.100
230 0 -3.993971109390258789 0.100
230 1 -5.107515811920166016 0.100
230 4 -3.623579263687133789 0.100
374 0 -2.378395080566406250 0.100
374 1 -2.629144191741943359 0.100
374 2 -0.660004556179046631 0.100
518 0 -5.117321968078613281 0.100
518 1 -5.861291408538818359 0.100
518 2 -1.889741182327270508 0.100
662 0 -4.642129421234130859 0.100
662 2 -4.857188701629638672 0.100
806 1 -3.199721097946166992 0.100
806 3 -6.681649208068847656 0.100
950 0 -4.598622322082519531 0.100
950 1 -5.965538501739501953 0.100
950 2 -2.741888046264648438 0.100
950 3 -3.571892023086547852 0.100
1094 0 -1.174399018287658691 0.100
1094 2 -5.278900623321533203 0.100
1094 4 -4.304898738861083984 0.100
87 2 -1.554092168807983398 0.100
87 3 -1.367256760597229004 0.100
87 4 -1.351994633674621582 0.100
231 1 -3.038449764251708984 0.100
231 2 -6.120595932006835938 0.100
231 3 -5.728045463562011719 0.100
375 0 -2.710421323776245117 0.100
375 1 -3.524545669555664062 0.100
375 4 -7.290340900421142578 0.100
519 0 -2.381929636001586914 0.100
519 2 -4.376040458679199219 0.100
519 3 -10.429488182067871094 0.100
663 0 -1.580267429351806641 0.100
663 4 -3.588131427764892578 0.100
807 0 -5.714411735534667969 0.100
807 2 -4.942670345306396484 0.100
951 0 -4.583238601684570312 0.100
951 1 -0.310296297073364258 0.100
951 2 -2.191203355789184570 0.100
1095 0 -3.837913274765014648 0.100
1095 1 -7.372915744781494141 0.100
1095 3 -5.261521816253662109 0.100
88 1 -5.045926094055175781 0.100
88 2 -3.829319953918457031 0.100
232 1 -5.727262020111083984 0.100
232 3 -2.933023691177368164 0.100
376 0 -0.128832504153251648 0.100
376 2 -3.134817600250244141 0.100
376 3 -11.266053199768066406 0.100
376 4 -2.204137086868286133 0.100
520 4 -3.121247053146362305 0.100
664 2 -1.871832609176635742 0.100
664 4 -1.424876809120178223 0.100
808 0 -3.882453441619873047 0.100
808 1 -4.280387878417968750 0.100
808 4 -4.529574394226074219 0.100
1096 1 -2.370958566665649414 0.100
89 0 -1.901572346687316895 0.100
89 3 -5.460663795471191406 0.100
233 1 -3.918832778930664062 0.100
233 3 -0.333763957023620605 0.100
233 4 -1.403301000595092773 0.100
377 0 -6.054588317871093750 0.100
377 3 -3.180287837982177734 0.100
377 4 -6.619584083557128906 0.100
521 1 -0.926893234252929688 0.100
521 4 -6.105343818664550781 0.100
665 1 -5.160518646240234375 0.100
665 2 -2.770377159118652344 0.100
665 4 -2.692070245742797852 0.100
809 4 -6.490998268127441406 0.100
953 1 -6.267793655395507812 0.100
1097 0 -0.596345126628875732 0.100
1097 1 -8.318268775939941406 0.100
1097 4 -6.719818592071533203 0.100
90 0 -0.905849933624267578 0.100
90 1 -5.661754131317138672 0.100
90 2 -1.290019750595092773 0.100
90 4 -5.639985561370849609 0.100
234 1 -2.103995800018310547 0.100
234 3 -1.250238299369812012 0.100
522 1 -1.866706490516662598 0.100
522 2 -7.675205230712890625 0.100
666 0 -4.893098831176757812 0.100
666 1 -6.976663112640380859 0.100
666 2 -8.680744171142578125 0.100
810 2 -3.092116355895996094 0.100
810 3 -2.573294401168823242 0.100
954 1 -5.447438240051269531 0.100
954 4 -5.554456710815429688 0.100
1098 2 -0.437566787004470825 0.100
1098 3 -4.724154949188232422 0.100
91 1 -1.803148984909057617 0.100
235 2 -3.768675565719604492 0.100
235 4 -1.624386906623840332 0.100
379 0 -8.520130157470703125 0.100
379 3 -4.602926731109619141 0.100
379 4 -0.503570139408111572 0.100
523 0 -8.508086204528808594 0.100
523 2 -1.423084616661071777 0.100
523 4 -0.931281208992004395 0.100
667 0 -7.986760616302490234 0.100
667 2 -5.587753295898437500 0.100
667 3 -7.335142135620117188 0.100
811 1 -1.664241433143615723 0.100
811 2 -0.300619721412658691 0.100
811 4 -6.708249092102050781 0.100
955 0 -6.558431148529052734 0.100
955 1 -2.441253185272216797 0.100
955 2 -6.332198143005371094 0.100
955 3 -2.452961921691894531 0.100
1099 0 -4.127645015716552734 0.100
92 0 -6.413146495819091797 0.100
92 1 -5.108830928802490234 0.100
92 2 -3.889876604080200195 0.100
92 3 -5.025594711303710938 0.100
236 0 -2.557090997695922852 0.100
236 1 -6.034049987792968750 0.100
236 2 -5.752497673034667969 0.100
380 0 -1.936306118965148926 0.100
380 2 -1.500232219696044922 0.100
524 2 -2.068794012069702148 0.100
524 3 -6.878851413726806641 0.100
668 2 -7.179287433624267578 0.100
668 3 -10.136762619018554688 0.100
812 1 -1.708514213562011719 0.100
812 3 -7.041421413421630859 0.100
956 0 -3.649039983749389648 0.100
956 1 -1.541044950485229492 0.100
956 2 -3.443726301193237305 0.100
956 4 -1.714501738548278809 0.100
1100 0 -5.494454860687255859 0.100
1100 1 -5.352650642395019531 0.100
1100 2 -0.723763883113861084 0.100
1100 3 -3.217914581298828125 0.100
93 0 -4.661881923675537109 0.100
93 3 -2.996855020523071289 0.100
237 0 -3.267374515533447266 0.100
237 1 -2.425965785980224609 0.100
237 4 -4.132645606994628906 0.100
381 0 -6.122816562652587891 0.100
525 0 -2.601933717727661133 0.100
669 0 -9.156159400939941406 0.100
669 1 -7.789358615875244141 0.100
669 3 -0.237764894962310791 0.100
813 0 -1.063771367073059082 0.100
813 1 -2.193847894668579102 0.100
957 2 -2.774030923843383789 0.100
1101 0 -8.955991744995117188 0.100
1101 1 -0.937488496303558350 0.100
238 1 -3.208698749542236328 0.100
238 3 -1.610187530517578125 0.100
382 0 -5.856331348419189453 0.100
382 2 -2.954650402069091797 0.100
382 3 -2.634121894836425781 0.100
382 4 -6.109384059906005859 0.100
526 1 -7.893352031707763672 0.100
526 3 -0.061232924461364746 0.100
670 3 -6.796453952789306641 0.100
670 4 -0.000092941772891209 0.100
814 0 -6.848204135894775391 0.100
814 1 -6.399175643920898438 0.100
814 2 -4.882583618164062500 0.100
958 1 -6.615297317504882812 0.100
958 2 -3.650364398956298828 0.100
1102 2 -5.874647140502929688 0.100
95 0 -3.720624685287475586 0.100
95 1 -2.122191667556762695 0.100
95 2 -1.990244746208190918 0.100
95 4 -6.045447349548339844 0.100
239 0 -3.179139852523803711 0.100
239 1 -1.999628067016601562 0.100
239 4 -0.803499042987823486 0.100
383 0 -3.403900146484375000 0.100
383 1 -1.572231411933898926 0.100
383 2 -0.286736011505126953 0.100
383 3 -4.010935306549072266 0.100
527 1 -4.766014575958251953 0.100
527 3 -4.426234722137451172 0.100
527 4 -5.025455474853515625 0.100
671 4 -4.717536449432373047 0.100
815 2 -4.034522533416748047 0.100
815 3 -6.562369346618652344 0.100
959 1 -9.036066055297851562 0.100
959 3 -4.622917652130126953 0.100
1103 2 -8.325666427612304688 0.100
1103 4 -0.568903625011444092 0.100
240 1 -2.859610795974731445 0.100
240 4 -12.152382850646972656 0.100
384 3 -0.506822466850280762 0.100
384 4 -5.130536556243896484 0.100
528 0 -2.352031230926513672 0.100
528 3 -6.961615085601806641 0.100
528 4 -8.622757911682128906 0.100
672 4 -5.997801780700683594 0.100
816 2 -8.354804992675781250 0.100
816 4 -7.960914134979248047 0.100
960 2 -4.242709159851074219 0.100
960 3 -1.695796608924865723 0.100
960 4 -0.661976337432861328 0.100
1104 1 -11.736633300781250000 0.100
1104 2 -1.789745092391967773 0.100
1104 3 -3.708916187286376953 0.100
97 1 -4.279530048370361328 0.100
97 3 -1.529672503471374512 0.100
97 4 -10.224736213684082031 0.100
241 2 -0.508255183696746826 0.100
241 3 -7.738814830780029297 0.100
385 4 -4.349074363708496094 0.100
529 0 -4.460448741912841797 0.100
529 1 -14.875801086425781250 0.100
529 2 -0.628500699996948242 0.100
673 0 -5.503439426422119141 0.100
673 1 -7.095932483673095703 0.100
673 3 -2.403746843338012695 0.100
817 1 -7.512004375457763672 0.100
817 3 -0.601068437099456787 0.100
817 4 -3.922715425491333008 0.100
961 1 -0.210975527763366699 0.100
961 2 -2.081306695938110352 0.100
961 3 -5.005696296691894531 0.100
961 4 -4.556074142456054688 0.100
1105 1 -0.183239772915840149 0.100
1105 3 -3.699610471725463867 0.100
98 1 -4.946169376373291016 0.100
98 2 -3.437084674835205078 0.100
98 3 -7.438638687133789062 0.100
242 1 -3.783364534378051758 0.100
242 3 -6.311206340789794922 0.100
386 0 -4.049000263214111328 0.100
386 2 -1.752875685691833496 0.100
386 4 -1.642146825790405273 0.100
530 0 -5.801870346069335938 0.100
530 1 -1.735291838645935059 0.100
674 1 -3.522202014923095703 0.100
674 3 -4.674001693725585938 0.100
818 0 -7.797131061553955078 0.100
818 1 -6.309357166290283203 0.100
818 2 -0.680200338363647461 0.100
818 3 -3.022613763809204102 0.100
818 4 -3.238819360733032227 0.100
962 0 -3.978289365768432617 0.100
962 1 -6.866737842559814453 0.100
962 3 -1.231416583061218262 0.100
1106 0 -5.027085781097412109 0.100
1106 2 -2.029473304748535156 0.100
1106 3 -1.012789249420166016 0.100
99 0 -2.797821283340454102 0.100
99 1 -8.791604995727539062 0.100
99 3 -2.575665950775146484 0.100
243 0 -3.390530347824096680 0.100
243 3 -6.835270881652832031 0.100
243 4 -3.038885831832885742 0.100
387 1 -5.707576274871826172 0.100
387 2 -5.513199329376220703 0.100
387 3 -5.820046901702880859 0.100
387 4 -2.724078893661499023 0.100
531 0 -0.970882833003997803 0.100
531 1 -0.385986894369125366 0.100
531 2 -3.815718650817871094 0.100
531 4 -1.547043800354003906 0.100
675 1 -8.223943710327148438 0.100
675 2 -4.961574554443359375 0.100
675 4 -6.056986808776855469 0.100
819 1 -0.086747005581855774 0.100
819 2 -0.556742727756500244 0.100
819 3 -2.080210208892822266 0.100
819 4 -0.798402965068817139 0.100
963 2 -5.034014701843261719 0.100
963 4 -6.435089588165283203 0.100
1107 0 -2.344878673553466797 0.100
1107 1 -4.015714645385742188 0.100
100 0 -0.488306522369384766 0.100
100 4 -5.302357673645019531 0.100
388 2 -1.824712276458740234 0.100
388 4 -0.307341277599334717 0.100
532 1 -6.083493232727050781 0.100
532 3 -11.141387939453125000 0.100
676 1 -0.469119548797607422 0.100
676 3 -3.489677429199218750 0.100
820 1 -6.797670364379882812 0.100
820 4 -4.326029777526855469 0.100
964 2 -7.527111053466796875 0.100
1108 0 -7.560486793518066406 0.100
1108 1 -6.403361320495605469 0.100
101 2 -4.499318122863769531 0.100
101 3 -6.614552497863769531 0.100
101 4 -6.895424365997314453 0.100
245 1 -3.069082260131835938 0.100
245 2 -7.714129924774169922 0.100
245 3 -3.587765932083129883 0.100
245 4 -8.437379837036132812 0.100
389 1 -0.587994217872619629 0.100
533 1 -8.417278289794921875 0.100
533 2 -0.783822774887084961 0.100
533 3 -2.244338274002075195 0.100
533 4 -4.864603996276855469 0.100
677 0 -3.077115535736083984 0.100
677 1 -2.967823028564453125 0.100
677 4 -8.921300888061523438 0.100
821 0 -5.261011600494384766 0.100
821 1 -3.190382003784179688 0.100
821 2 -4.695610523223876953 0.100
821 3 -6.859023094177246094 0.100
965 1 -2.834743738174438477 0.100
965 2 -0.728828310966491699 0.100
965 3 -4.956549644470214844 0.100
965 4 -0.529956579208374023 0.100
1109 0 -0.007463574409484863 0.100
1109 1 -5.033752441406250000 0.100
1109 2 -2.450641393661499023 0.100
1109 3 -0.891825377941131592 0.100
102 4 -8.130120277404785156 0.100
246 1 -4.448054790496826172 0.100
246 2 -0.163687095046043396 0.100
246 3 -0.963436305522918701 0.100
246 4 -8.473919868469238281 0.100
390 1 -3.406438827514648438 0.100
390 2 -1.331616520881652832 0.100
390 4 -7.839612960815429688 0.100
534 1 -3.770204067230224609 0.100
678 0 -0.589513421058654785 0.100
678 1 -9.407456398010253906 0.100
678 3 -3.302176475524902344 0.100
822 0 -4.570271968841552734 0.100
822 2 -4.235901355743408203 0.100
822 4 -0.634384810924530029 0.100
966 1 -3.574561357498168945 0.100
966 2 -6.051273345947265625 0.100
966 3 -5.973175048828125000 0.100
966 4 -3.055698156356811523 0.100
1110 0 -1.338546276092529297 0.100
1110 2 -0.633290886878967285 0.100
1110 4 -2.494566679000854492 0.100
103 2 -4.030529975891113281 0.100
247 0 -7.964396953582763672 0.100
247 2 -1.506537079811096191 0.100
247 3 -2.292809963226318359 0.100
391 2 -1.770981311798095703 0.100
535 0 -1.120679020881652832 0.100
535 1 -2.774328947067260742 0.100
535 3 -1.858440756797790527 0.100
679 0 -6.028236389160156250 0.100
679 1 -0.983583509922027588 0.100
679 2 -1.296129584312438965 0.100
679 3 -1.640977025032043457 0.100
679 4 -1.325150847434997559 0.100
823 0 -1.305768728256225586 0.100
823 4 -0.609122812747955322 0.100
967 0 -8.782053947448730469 0.100
967 2 -1.059955596923828125 0.100
967 4 -4.532830238342285156 0.100
1111 1 -1.537336230278015137 0.100
1111 2 -3.609516620635986328 0.100
1111 3 -5.970527172088623047 0.100
104 0 -5.737605094909667969 0.100
104 1 -2.063085317611694336 0.100
104 2 -7.511672019958496094 0.100
248 1 -1.463445782661437988 0.100
248 3 -5.256931304931640625 0.100
392 0 -3.804344415664672852 0.100
392 3 -0.808573782444000244 0.100
536 2 -3.932712554931640625 0.100
536 4 -8.108541488647460938 0.100
680 0 -4.452558040618896484 0.100
680 1 -9.387619018554687500 0.100
680 2 -3.391033649444580078 0.100
680 3 -1.698068976402282715 0.100
824 3 -2.110271930694580078 0.100
824 4 -1.460219025611877441 0.100
968 0 -2.178657054901123047 0.100
968 3 -2.224813222885131836 0.100
968 4 -0.253559619188308716 0.100
1112 2 -6.343445777893066406 0.100
1112 4 -0.974226832389831543 0.100
105 1 -1.388363599777221680 0.100
105 2 -0.675344049930572510 0.100
105 3 -1.157831430435180664 0.100
249 2 -5.960967063903808594 0.100
249 3 -0.640960156917572021 0.100
249 4 -0.982741057872772217 0.100
393 0 -7.300698280334472656 0.100
393 2 -0.848377883434295654 0.100
393 3 -8.253839492797851562 0.100
393 4 -1.762089371681213379 0.100
537 0 -0.092945277690887451 0.100
537 1 -2.633172035217285156 0.100
537 2 -2.277781009674072266 0.100
537 3 -0.915670990943908691 0.100
537 4 -3.628821134567260742 0.100
681 0 -7.577556610107421875 0.100
825 1 -5.853520393371582031 0.100
825 2 -5.877973556518554688 0.100
825 3 -1.188652038574218750 0.100
825 4 -4.426776885986328125 0.100
969 0 -5.639397621154785156 0.100
969 2 -1.246832013130187988 0.100
969 4 -1.029340147972106934 0.100
1113 0 -3.130439043045043945 0.100
1113 1 -4.054287433624267578 0.100
1113 3 -1.255749225616455078 0.100
106 2 -1.725605726242065430 0.100
250 0 -4.110249519348144531 0.100
250 1 -0.587374567985534668 0.100
394 0 -3.180510282516479492 0.100
394 1 -7.548475265502929688 0.100
538 0 -0.769121527671813965 0.100
538 1 -9.767993927001953125 0.100
538 2 -4.769404888153076172 0.100
538 3 -1.743410587310791016 0.100
682 1 -10.100644111633300781 0.100
682 3 -1.113149762153625488 0.100
682 4 -3.060926914215087891 0.100
826 0 -5.625422477722167969 0.100
826 1 -3.665912628173828125 0.100
970 3 -1.428465008735656738 0.100
1114 0 -2.051088094711303711 0.100
1114 4 -5.770622253417968750 0.100
107 0 -5.700574874877929688 0.100
107 1 -6.540391921997070312 0.100
107 4 -2.363546848297119141 0.100
251 0 -6.901052951812744141 0.100
251 2 -0.664051473140716553 0.100
251 3 -8.545157432556152344 0.100
395 2 -3.718996763229370117 0.100
395 3 -1.680984973907470703 0.100
539 0 -2.618292331695556641 0.100
539 1 -3.149410724639892578 0.100
539 3 -4.766975879669189453 0.100
539 4 -2.136496543884277344 0.100
683 0 -5.627370834350585938 0.100
683 1 -4.954397201538085938 0.100
683 3 -7.354706287384033203 0.100
683 4 -8.199467658996582031 0.100
827 3 -8.051851272583007812 0.100
827 4 -5.458709716796875000 0.100
971 2 -2.362799644470214844 0.100
971 3 -0.139012843370437622 0.100
1115 0 -6.704827785491943359 0.100
1115 2 -0.901381909847259521 0.100
1115 4 -0.922583043575286865 0.100
108 2 -4.754347324371337891 0.100
108 4 -5.263472080230712891 0.100
252 0 -4.097630500793457031 0.100
252 2 -0.189091011881828308 0.100
252 3 -3.073966026306152344 0.100
252 4 -2.536287784576416016 0.100
396 2 -6.086750984191894531 0.100
396 3 -1.610507011413574219 0.100
396 4 -0.982363998889923096 0.100
540 0 -4.746234416961669922 0.100
540 3 -1.480982422828674316 0.100
540 4 -14.705002784729003906 0.100
684 0 -3.674634218215942383 0.100
684 2 -0.046735376119613647 0.100
684 3 -4.265104770660400391 0.100
828 3 -1.362047672271728516 0.100
828 4 -4.243903636932373047 0.100
972 0 -7.697457790374755859 0.100
972 3 -5.247651576995849609 0.100
972 4 -4.126005172729492188 0.100
1116 0 -4.794874668121337891 0.100
1116 3 -5.540925025939941406 0.100
1116 4 -7.185410022735595703 0.100
109 1 -4.245850086212158203 0.100
109 2 -5.347111701965332031 0.100
109 4 -1.122793674468994141 0.100
253 0 -5.140242576599121094 0.100
253 4 -9.204265594482421875 0.100
397 0 -3.859250545501708984 0.100
397 1 -0.071756049990653992 0.100
541 1 -6.343688488006591797 0.100
541 4 -7.464020252227783203 0.100
685 0 -8.903794288635253906 0.100
685 1 -5.315505981445312500 0.100
829 0 -5.446964740753173828 0.100
829 1 -3.501574039459228516 0.100
829 3 -0.237312972545623779 0.100
829 4 -5.540131568908691406 0.100
973 0 -1.558194398880004883 0.100
973 1 -6.927508831024169922 0.100
973 4 -3.210932970046997070 0.100
1117 2 -1.621010184288024902 0.100
1117 3 -5.617495536804199219 0.100
1117 4 -2.979526996612548828 0.100
110 0 -6.833524703979492188 0.100
110 2 -5.534944057464599609 0.100
110 3 -5.160507202148437500 0.100
254 0 -3.449001073837280273 0.100
254 1 -1.754516005516052246 0.100
254 2 -4.079528808593750000 0.100
254 3 -1.029163599014282227 0.100
398 1 -4.126844406127929688 0.100
542 3 -5.866342067718505859 0.100
542 4 -0.462018638849258423 0.100
686 2 -5.565687656402587891 0.100
830 0 -3.965657472610473633 0.100
830 1 -8.638061523437500000 0.100
830 3 -3.235942363739013672 0.100
974 3 -1.030264496803283691 0.100
1118 2 -5.241621971130371094 0.100
111 3 -8.363254547119140625 0.100
255 0 -1.555514216423034668 0.100
255 1 -6.721043109893798828 0.100
399 0 -0.135752871632575989 0.100
399 1 -3.266970872879028320 0.100
399 3 -1.238250494003295898 0.100
399 4 -0.361607491970062256 0.100
543 4 -6.366369247436523438 0.100
687 0 -5.990047931671142578 0.100
687 1 -3.235994100570678711 0.100
831 0 -5.952259540557861328 0.100
975 2 -5.902870178222656250 0.100
975 3 -3.417820692062377930 0.100
975 4 -8.821979522705078125 0.100
1119 1 -9.217748641967773438 0.100
1119 2 -4.839424133300781250 0.100
1119 3 -9.569947242736816406 0.100
1119 4 -0.501365661621093750 0.100
112 0 -1.718109011650085449 0.100
112 2 -2.225489616394042969 0.100
112 3 -1.071350455284118652 0.100
112 4 -3.660011291503906250 0.100
256 0 -3.746108055114746094 0.100
256 3 -5.319561481475830078 0.100
256 4 -0.511645972728729248 0.100
400 0 -3.384727001190185547 0.100
400 3 -3.153719663619995117 0.100
400 4 -5.550539016723632812 0.100
544 0 -4.171709060668945312 0.100
544 3 -6.290156841278076172 0.100
544 4 -0.536227345466613770 0.100
688 0 -5.959482192993164062 0.100
688 3 -7.834602832794189453 0.100
688 4 -6.582271099090576172 0.100
832 1 -2.166252613067626953 0.100
832 2 -1.461871385574340820 0.100
832 3 -8.755568504333496094 0.100
976 0 -3.068086147308349609 0.100
976 1 -2.768727540969848633 0.100
976 2 -2.711933374404907227 0.100
1120 0 -9.049304962158203125 0.100
1120 1 -8.693452835083007812 0.100
1120 4 -6.122234344482421875 0.100
113 1 -6.184700012207031250 0.100
113 4 -1.887505173683166504 0.100
257 0 -1.791047453880310059 0.100
257 1 -1.167648553848266602 0.100
257 4 -7.953305244445800781 0.100
401 0 -4.035861492156982422 0.100
401 1 -1.319977283477783203 0.100
401 2 -2.682443857192993164 0.100
401 3 -0.652398049831390381 0.100
401 4 -2.361422777175903320 0.100
545 1 -1.831729769706726074 0.100
545 2 -0.069562144577503204 0.100
545 4 -8.379438400268554688 0.100
689 1 -8.889630317687988281 0.100
689 4 -10.535147666931152344 0.100
833 1 -5.771148681640625000 0.100
833 3 -2.312648773193359375 0.100
833 4 -4.267952919006347656 0.100
977 0 -4.147758483886718750 0.100
977 3 -4.875745296478271484 0.100
1121 1 -6.891453266143798828 0.100
1121 4 -3.572491884231567383 0.100
114 1 -5.538961887359619141 0.100
114 2 -7.498748779296875000 0.100
114 4 -2.437909364700317383 0.100
402 3 -1.100968241691589355 0.100
546 1 -3.010168790817260742 0.100
546 2 -3.875191450119018555 0.100
546 4 -9.125784873962402344 0.100
690 0 -7.785644054412841797 0.100
690 4 -14.344952583312988281 0.100
834 0 -6.116710662841796875 0.100
834 4 -4.212557792663574219 0.100
978 3 -5.115957260131835938 0.100
978 4 -10.176209449768066406 0.100
1122 2 -3.931027173995971680 0.100
1122 4 -9.080964088439941406 0.100
259 0 -3.094597578048706055 0.100
259 2 -7.801244735717773438 0.100
259 4 -0.432394176721572876 0.100
403 0 -4.616761684417724609 0.100
403 1 -8.489159584045410156 0.100
403 2 -1.184891104698181152 0.100
403 4 -1.831078886985778809 0.100
547 0 -2.887444972991943359 0.100
547 2 -0.076710261404514313 0.100
547 4 -6.466380596160888672 0.100
691 1 -4.743101596832275391 0.100
835 1 -2.188152551651000977 0.100
835 2 -4.220435619354248047 0.100
835 3 -0.758818030357360840 0.100
979 0 -1.702154636383056641 0.100
979 4 -8.125657081604003906 0.100
1123 3 -2.042301416397094727 0.100
1123 4 -1.451370596885681152 0.100
116 0 -7.797729015350341797 0.100
116 1 -3.582041501998901367 0.100
260 1 -5.369291782379150391 0.100
260 3 -6.934560298919677734 0.100
404 0 -9.968433380126953125 0.100
404 1 -5.327080726623535156 0.100
404 3 -2.426558971405029297 0.100
548 2 -9.612706184387207031 0.100
548 4 -5.562851428985595703 0.100
692 0 -0.434654593467712402 0.100
692 2 -1.001772284507751465 0.100
692 4 -8.769311904907226562 0.100
836 0 -3.573685407638549805 0.100
836 1 -5.053862571716308594 0.100
980 2 -7.056742191314697266 0.100
980 4 -7.974140644073486328 0.100
1124 0 -1.258442163467407227 0.100
1124 2 -2.284188508987426758 0.100
1124 4 -3.869210004806518555 0.100
117 0 -7.372743606567382812 0.100
117 3 -8.662242889404296875 0.100
117 4 -4.422780513763427734 0.100
261 0 -1.766275763511657715 0.100
261 3 -9.951871871948242188 0.100
405 2 -2.047527551651000977 0.100
549 0 -0.358101069927215576 0.100
549 1 -3.186789512634277344 0.100
693 0 -3.496735572814941406 0.100
693 3 -0.528511464595794678 0.100
693 4 -3.342831850051879883 0.100
837 0 -1.764317274093627930 0.100
837 1 -1.801614999771118164 0.100
837 2 -3.691045284271240234 0.100
837 3 -5.589192867279052734 0.100
981 1 -0.259583204984664917 0.100
981 2 -13.012903213500976562 0.100
981 3 -1.045799970626831055 0.100
981 4 -1.533854842185974121 0.100
1125 0 -0.120322741568088531 0.100
1125 1 -5.010702610015869141 0.100
1125 2 -0.079688958823680878 0.100
118 0 -5.651897430419921875 0.100
118 3 -6.658707141876220703 0.100
118 4 -0.375429123640060425 0.100
262 3 -7.192136764526367188 0.100
406 0 -4.644073009490966797 0.100
406 2 -5.199134349822998047 0.100
406 3 -0.495303243398666382 0.100
550 0 -2.487122535705566406 0.100
550 1 -9.254935264587402344 0.100
694 1 -0.819877922534942627 0.100
838 0 -6.512404918670654297 0.100
838 1 -6.523777008056640625 0.100
838 2 -5.106865882873535156 0.100
838 3 -1.005140066146850586 0.100
982 1 -1.191431641578674316 0.100
982 3 -1.674726724624633789 0.100
1126 0 -3.925250053405761719 0.100
1126 1 -4.317276954650878906 0.100
1126 2 -6.407306671142578125 0.100
119 4 -1.311733484268188477 0.100
263 2 -3.122178792953491211 0.100
263 3 -0.535184919834136963 0.100
263 4 -2.352170705795288086 0.100
407 0 -4.938170909881591797 0.100
407 1 -6.445787906646728516 0.100
407 4 -5.402284622192382812 0.100
551 2 -7.590597629547119141 0.100
695 2 -6.627749919891357422 0.100
839 0 -1.264386177062988281 0.100
839 1 -3.268818140029907227 0.100
983 0 -2.863739252090454102 0.100
983 1 -2.659880161285400391 0.100
983 2 -0.917018830776214600 0.100
983 4 -6.636366844177246094 0.100
1127 0 -10.843401908874511719 0.100
1127 3 -2.633509874343872070 0.100
1127 4 -1.305178761482238770 0.100
120 1 -3.161465644836425781 0.100
120 2 -7.213257789611816406 0.100
120 3 -2.727270841598510742 0.100
120 4 -5.061634540557861328 0.100
264 0 -3.210058689117431641 0.100
264 3 -4.592477321624755859 0.100
408 0 -2.104690551757812500 0.100
408 2 -10.690621376037597656 0.100
408 3 -4.413043975830078125 0.100
408 4 -14.595088958740234375 0.100
552 1 -0.334823548793792725 0.100
552 2 -4.957308769226074219 0.100
552 3 -8.538488388061523438 0.100
552 4 -1.973341226577758789 0.100
696 0 -4.003221988677978516 0.100
696 3 -10.639235496520996094 0.100
696 4 -6.144187927246093750 0.100
840 2 -9.019354820251464844 0.100
840 3 -7.704901218414306641 0.100
840 4 -9.512976646423339844 0.100
984 2 -0.307399034500122070 0.100
984 3 -0.372997164726257324 0.100
984 4 -6.295036792755126953 0.100
1128 1 -8.444677352905273438 0.100
1128 3 -4.588115215301513672 0.100
121 2 -0.415630072355270386 0.100
121 3 -1.035448789596557617 0.100
265 0 -6.359670639038085938 0.100
265 1 -4.827150821685791016 0.100
265 3 -0.597885251045227051 0.100
409 1 -3.978266716003417969 0.100
409 3 -4.498056411743164062 0.100
409 4 -8.921855926513671875 0.100
553 1 -1.828401565551757812 0.100
553 2 -0.366096675395965576 0.100
553 4 -5.048621654510498047 0.100
841 0 -4.393520355224609375 0.100
841 4 -10.693179130554199219 0.100
985 0 -2.675787210464477539 0.100
1129 0 -3.978914022445678711 0.100
1129 2 -2.911376953125000000 0.100
1129 3 -9.971557617187500000 0.100
1129 4 -3.642063379287719727 0.100
122 0 -0.878009378910064697 0.100
122 1 -8.626197814941406250 0.100
266 0 -7.341958522796630859 0.100
266 1 -2.197598457336425781 0.100
266 2 -0.341291874647140503 0.100
266 3 -8.023880958557128906 0.100
410 1 -3.489728212356567383 0.100
410 2 -1.572626948356628418 0.100
554 1 -11.293958663940429688 0.100
554 2 -4.914460659027099609 0.100
554 3 -0.872353374958038330 0.100
698 3 -10.823612213134765625 0.100
842 0 -2.855748414993286133 0.100
842 1 -4.929579734802246094 0.100
842 3 -0.962710082530975342 0.100
842 4 -1.304598450660705566 0.100
986 0 -5.487032413482666016 0.100
986 1 -0.292674303054809570 0.100
986 3 -3.964655876159667969 0.100
986 4 -3.553498506546020508 0.100
1130 1 -2.656117677688598633 0.100
1130 2 -1.035332202911376953 0.100
1130 4 -1.057787537574768066 0.100
267 0 -3.416129350662231445 0.100
267 1 -6.515493869781494141 0.100
267 3 -7.695037364959716797 0.100
267 4 -5.761122226715087891 0.100
411 0 -8.092320442199707031 0.100
411 1 -0.754327774047851562 0.100
411 2 -4.123397350311279297 0.100
411 3 -7.297093868255615234 0.100
555 0 -2.377976417541503906 0.100
555 2 -8.109300613403320312 0.100
555 3 -3.240578651428222656 0.100
699 0 -0.219050437211990356 0.100
699 4 -2.619925975799560547 0.100
843 0 -8.313902854919433594 0.100
843 2 -0.346783638000488281 0.100
987 0 -1.929077506065368652 0.100
987 1 -3.104906797409057617 0.100
987 2 -3.240303277969360352 0.100
987 3 -7.111085891723632812 0.100
987 4 -1.061665058135986328 0.100
1131 0 -3.887987852096557617 0.100
1131 1 -0.401961386203765869 0.100
1131 2 -6.184226989746093750 0.100
1131 3 -1.263357877731323242 0.100
124 0 -5.402125835418701172 0.100
124 1 -6.000374317169189453 0.100
268 0 -4.305241107940673828 0.100
268 2 -5.912827968597412109 0.100
268 3 -5.666204929351806641 0.100
268 4 -5.430670738220214844 0.100
412 2 -2.338777780532836914 0.100
412 3 -0.024403220042586327 0.100
412 4 -1.797934770584106445 0.100
556 0 -1.577586054801940918 0.100
556 2 -5.587629795074462891 0.100
556 3 -1.447279930114746094 0.100
700 0 -3.745419740676879883 0.100
700 2 -3.988586664199829102 0.100
700 3 -4.866275787353515625 0.100
700 4 -1.718636035919189453 0.100
844 1 -3.794478178024291992 0.100
988 0 -2.320274829864501953 0.100
988 1 -2.775601387023925781 0.100
988 3 -2.120811223983764648 0.100
1132 0 -2.700425624847412109 0.100
1132 1 -5.969956398010253906 0.100
125 1 -8.224483489990234375 0.100
125 4 -3.044337749481201172 0.100
269 1 -0.453452616930007935 0.100
269 2 -2.764948606491088867 0.100
269 3 -0.197112917900085449 0.100
413 0 -1.267140865325927734 0.100
413 1 -3.924026727676391602 0.100
413 2 -3.178761720657348633 0.100
413 4 -1.445453047752380371 0.100
557 1 -6.939591407775878906 0.100
557 4 -7.311091899871826172 0.100
701 1 -7.947109699249267578 0.100
701 2 -2.430104970932006836 0.100
701 3 -2.753345966339111328 0.100
845 1 -6.472495555877685547 0.100
845 3 -7.988963603973388672 0.100
989 0 -1.697193384170532227 0.100
989 4 -8.597526550292968750 0.100
1133 0 -7.519992828369140625 0.100
1133 1 -5.854220390319824219 0.100
1133 2 -5.111307144165039062 0.100
1133 3 -2.685291528701782227 0.100
1133 4 -6.425432682037353516 0.100
126 4 -3.367950916290283203 0.100
270 0 -5.587055206298828125 0.100
270 1 -9.172070503234863281 0.100
270 2 -3.097121715545654297 0.100
270 4 -4.691202640533447266 0.100
414 0 -6.274748325347900391 0.100
414 2 -6.888364315032958984 0.100
414 4 -0.070216588675975800 0.100
558 2 -1.673108696937561035 0.100
558 4 -2.756494045257568359 0.100
702 2 -1.361797332763671875 0.100
702 4 -3.705130338668823242 0.100
846 4 -4.214467048645019531 0.100
990 0 -5.148819446563720703 0.100
990 2 -4.597009658813476562 0.100
990 4 -6.678597450256347656 0.100
1134 2 -1.787264585494995117 0.100
127 2 -5.507930755615234375 0.100
127 4 -4.220149040222167969 0.100
271 3 -0.344616115093231201 0.100
415 0 -7.959584712982177734 0.100
415 2 -1.411019802093505859 0.100
559 0 -1.748234987258911133 0.100
703 0 -7.132444858551025391 0.100
703 2 -3.550745964050292969 0.100
847 1 -3.848256587982177734 0.100
847 4 -5.002788066864013672 0.100
991 0 -0.965665578842163086 0.100
991 1 -0.443535476922988892 0.100
991 2 -1.709948539733886719 0.100
991 4 -5.256937026977539062 0.100
1135 1 -5.257470607757568359 0.100
1135 4 -6.215888500213623047 0.100
128 0 -0.854820430278778076 0.100
272 0 -7.405855178833007812 0.100
272 1 -7.616670131683349609 0.100
272 2 -2.104592323303222656 0.100
272 4 -4.635762214660644531 0.100
416 0 -4.301148414611816406 0.100
416 1 -2.849647283554077148 0.100
416 3 -5.066871643066406250 0.100
416 4 -6.674252510070800781 0.100
560 0 -5.207056999206542969 0.100
560 2 -4.087634086608886719 0.100
560 4 -3.869046449661254883 0.100
704 0 -4.126224517822265625 0.100
704 2 -1.186416864395141602 0.100
704 3 -6.519877910614013672 0.100
704 4 -3.758205890655517578 0.100
992 1 -0.998200416564941406 0.100
992 4 -5.924317359924316406 0.100
1136 0 -1.978754162788391113 0.100
1136 2 -8.818047523498535156 0.100
129 0 -9.814822196960449219 0.100
129 3 -2.569059133529663086 0.100
129 4 -3.413054466247558594 0.100
273 4 -7.311000347137451172 0.100
417 0 -4.226783275604248047 0.100
417 2 -2.877476215362548828 0.100
417 3 -3.987104177474975586 0.100
417 4 -6.092143535614013672 0.100
561 1 -6.064468383789062500 0.100
561 2 -1.178051590919494629 0.100
705 0 -4.141598701477050781 0.100
705 1 -2.266008615493774414 0.100
705 3 -5.818117141723632812 0.100
705 4 -1.241302251815795898 0.100
849 0 -5.650627136230468750 0.100
849 2 -4.728426933288574219 0.100
849 3 -1.446137666702270508 0.100
849 4 -0.647136330604553223 0.100
993 0 -4.870232582092285156 0.100
993 3 -3.657545328140258789 0.100
1137 1 -0.126036196947097778 0.100
1137 2 -1.300368785858154297 0.100
1137 4 -0.250783711671829224 0.100
130 0 -4.383053302764892578 0.100
130 3 -1.529860377311706543 0.100
274 0 -3.225147008895874023 0.100
274 1 -0.407165050506591797 0.100
274 3 -0.453473478555679321 0.100
418 0 -6.375062942504882812 0.100
418 2 -2.996593713760375977 0.100
418 3 -4.593866825103759766 0.100
562 0 -1.702242374420166016 0.100
562 1 -5.918097972869873047 0.100
562 3 -1.143068075180053711 0.100
706 0 -2.190856933593750000 0.100
706 1 -5.583701610565185547 0.100
706 3 -7.152750492095947266 0.100
850 0 -1.623998284339904785 0.100
850 1 -5.901732444763183594 0.100
850 2 -9.171440124511718750 0.100
994 1 -2.927061796188354492 0.100
1138 0 -0.793530821800231934 0.100
1138 1 -2.839308500289916992 0.100
1138 2 -8.631464958190917969 0.100
1138 3 -3.969740152359008789 0.100
131 1 -2.266218900680541992 0.100
131 2 -2.027276754379272461 0.100
131 3 -1.187994241714477539 0.100
131 4 -4.271935462951660156 0.100
275 1 -3.779293298721313477 0.100
275 3 -4.467864036560058594 0.100
275 4 -3.067706108093261719 0.100
419 1 -7.890734195709228516 0.100
419 2 -3.334362268447875977 0.100
419 3 -1.785783648490905762 0.100
419 4 -4.465961456298828125 0.100
563 0 -7.088451862335205078 0.100
563 1 -0.640340805053710938 0.100
563 2 -2.904728412628173828 0.100
563 3 -9.002773284912109375 0.100
707 1 -2.957146406173706055 0.100
707 4 -10.422546386718750000 0.100
851 0 -4.567400932312011719 0.100
851 2 -2.905772209167480469 0.100
851 4 -0.184263750910758972 0.100
995 0 -1.121604323387145996 0.100
995 1 -3.520161390304565430 0.100
995 2 -2.666194915771484375 0.100
1139 2 -3.439736604690551758 0.100
132 2 -1.859261274337768555 0.100
132 3 -2.534218788146972656 0.100
276 3 -8.008144378662109375 0.100
420 2 -10.314225196838378906 0.100
420 4 -3.674475908279418945 0.100
564 2 -9.654655456542968750 0.100
564 4 -4.488685607910156250 0.100
708 2 -7.480710983276367188 0.100
708 3 -9.307147026062011719 0.100
852 3 -3.640748977661132812 0.100
852 4 -9.911375999450683594 0.100
996 1 -1.332853794097900391 0.100
996 2 -0.153812617063522339 0.100
996 4 -3.978225708007812500 0.100
1140 2 -5.298814773559570312 0.100
1140 3 -5.033609390258789062 0.100
133 1 -5.274931907653808594 0.100
133 3 -0.847591996192932129 0.100
133 4 -3.663754940032958984 0.100
277 0 -1.464264631271362305 0.100
277 1 -4.317812442779541016 0.100
421 0 -2.017144441604614258 0.100
421 1 -0.834262430667877197 0.100
421 3 -5.435388088226318359 0.100
421 4 -3.638445854187011719 0.100
565 1 -3.042902708053588867 0.100
565 2 -8.715795516967773438 0.100
565 3 -0.007863206788897514 0.100
709 0 -2.067871809005737305 0.100
709 1 -7.313205718994140625 0.100
853 1 -5.400632858276367188 0.100
853 4 -2.950291633605957031 0.100
997 0 -3.026166439056396484 0.100
997 1 -2.900536298751831055 0.100
997 2 -1.140272259712219238 0.100
997 4 -8.679105758666992188 0.100
1141 2 -0.362728357315063477 0.100
134 0 -7.492410659790039062 0.100
134 1 -9.783168792724609375 0.100
134 3 -1.049417018890380859 0.100
278 0 -5.143035411834716797 0.100
278 2 -4.326224803924560547 0.100
278 3 -2.167803525924682617 0.100
422 0 -2.423608779907226562 0.100
422 1 -10.127355575561523438 0.100
566 0 -1.758723258972167969 0.100
566 1 -4.169287681579589844 0.100
566 3 -2.219053745269775391 0.100
566 4 -0.426765143871307373 0.100
710 0 -3.703911781311035156 0.100
710 1 -1.132096290588378906 0.100
710 2 -3.098418951034545898 0.100
710 3 -8.030311584472656250 0.100
710 4 -0.286562323570251465 0.100
854 0 -2.835293769836425781 0.100
854 4 -6.637609481811523438 0.100
998 1 -3.528213262557983398 0.100
998 2 -4.783837318420410156 0.100
998 3 -3.105529308319091797 0.100
1142 0 -3.393584012985229492 0.100
1142 1 -8.860692977905273438 0.100
1142 2 -6.031895637512207031 0.100
1142 4 -10.625699996948242188 0.100
135 1 -2.880736589431762695 0.100
135 2 -2.797693252563476562 0.100
135 4 -3.517727613449096680 0.100
279 3 -5.357033252716064453 0.100
279 4 -1.437125325202941895 0.100
423 0 -4.131341934204101562 0.100
423 1 -5.308824062347412109 0.100
423 2 -9.272612571716308594 0.100
423 3 -2.887949466705322266 0.100
423 4 -0.771801292896270752 0.100
567 2 -1.607456445693969727 0.100
711 0 -1.611119151115417480 0.100
711 1 -2.162971258163452148 0.100
711 2 -6.131067276000976562 0.100
711 4 -3.525839090347290039 0.100
855 2 -5.564011096954345703 0.100
855 3 -5.882722377777099609 0.100
999 0 -1.118515372276306152 0.100
999 3 -2.459790945053100586 0.100
1143 1 -8.561972618103027344 0.100
1143 2 -1.114865303039550781 0.100
1143 3 -9.573630332946777344 0.100
136 0 -1.577848792076110840 0.100
136 2 -4.948575496673583984 0.100
280 1 -2.007679462432861328 0.100
424 0 -5.111843585968017578 0.100
424 3 -3.878525495529174805 0.100
568 0 -9.098311424255371094 0.100
568 2 -6.485528469085693359 0.100
568 3 -9.355715751647949219 0.100
568 4 -1.922160863876342773 0.100
712 4 -10.454070091247558594 0.100
856 0 -0.976181507110595703 0.100
856 1 -3.859958648681640625 0.100
856 3 -2.554022550582885742 0.100
1000 0 -3.736991405487060547 0.100
1000 3 -5.038347244262695312 0.100
1000 4 -1.380206704139709473 0.100
1144 0 -8.238187789916992188 0.100
1144 4 -3.130702495574951172 0.100
137 1 -1.910849571228027344 0.100
137 3 -0.890245556831359863 0.100
137 4 -1.211619734764099121 0.100
281 1 -8.956485748291015625 0.100
281 2 -8.510561943054199219 0.100
425 1 -5.858760356903076172 0.100
425 2 -4.110126018524169922 0.100
425 4 -7.122599124908447266 0.100
569 0 -0.838617444038391113 0.100
569 1 -3.150291681289672852 0.100
713 0 -5.404671669006347656 0.100
713 1 -0.797867119312286377 0.100
857 3 -2.010668754577636719 0.100
857 4 -1.212659120559692383 0.100
1001 0 -1.035252094268798828 0.100
1001 1 -3.355156660079956055 0.100
1145 1 -5.236672878265380859 0.100
1145 3 -1.179890871047973633 0.100
1145 4 -4.739148139953613281 0.100
138 1 -2.816303253173828125 0.100
138 4 -2.085894823074340820 0.100
282 0 -3.297991037368774414 0.100
282 1 -14.455178260803222656 0.100
282 4 -0.268389761447906494 0.100
426 1 -8.249418258666992188 0.100
426 2 -3.102764368057250977 0.100
426 3 -0.736960172653198242 0.100
426 4 -6.008667945861816406 0.100
714 0 -0.496752738952636719 0.100
714 1 -2.337259054183959961 0.100
714 3 -2.215483903884887695 0.100
714 4 -6.100746154785156250 0.100
858 4 -9.522580146789550781 0.100
1002 1 -4.264947891235351562 0.100
1002 4 -5.172673225402832031 0.100
1146 0 -2.553376674652099609 0.100
1146 1 -6.432362079620361328 0.100
1146 2 -4.147393703460693359 0.100
1146 3 -5.004554271697998047 0.100
1146 4 -3.354166507720947266 0.100
139 2 -6.590071678161621094 0.100
283 1 -8.502010345458984375 0.100
283 4 -11.528826713562011719 0.100
427 1 -2.440549373626708984 0.100
427 2 -5.401616096496582031 0.100
427 3 -4.390205860137939453 0.100
427 4 -0.348060846328735352 0.100
571 1 -6.326058864593505859 0.100
571 3 -0.432960957288742065 0.100
715 0 -4.070626735687255859 0.100
715 1 -0.238418623805046082 0.100
715 3 -9.938287734985351562 0.100
715 4 -1.268188595771789551 0.100
859 0 -1.372430086135864258 0.100
859 4 -3.099844694137573242 0.100
1003 0 -2.658636808395385742 0.100
1003 1 -3.428547143936157227 0.100
1147 1 -4.262199878692626953 0.100
1147 4 -6.269307613372802734 0.100
140 2 -4.538358211517333984 0.100
140 3 -0.400326102972030640 0.100
284 0 -11.840892791748046875 0.100
284 2 -7.694542407989501953 0.100
284 4 -6.171759605407714844 0.100
572 1 -2.594721078872680664 0.100
572 2 -4.716098785400390625 0.100
716 0 -5.923306465148925781 0.100
716 1 -1.897692561149597168 0.100
860 0 -5.320699691772460938 0.100
860 1 -2.099701881408691406 0.100
860 3 -5.567886352539062500 0.100
1004 0 -4.488043785095214844 0.100
1004 2 -4.209813594818115234 0.100
1148 0 -2.846154689788818359 0.100
1148 3 -2.513878345489501953 0.100
1148 4 -1.435704231262207031 0.100
141 2 -2.118932485580444336 0.100
141 4 -1.291653871536254883 0.100
285 0 -5.079423904418945312 0.100
285 3 -0.959832906723022461 0.100
285 4 -6.081598758697509766 0.100
429 0 -2.814358949661254883 0.100
429 2 -2.429615020751953125 0.100
573 2 -2.102887392044067383 0.100
717 0 -4.331476688385009766 0.100
717 1 -4.199328899383544922 0.100
717 2 -0.536259293556213379 0.100
861 0 -5.213979721069335938 0.100
861 2 -7.709505081176757812 0.100
1005 3 -3.832019090652465820 0.100
1005 4 -3.638293027877807617 0.100
1149 0 -10.794985771179199219 0.100
142 0 -5.115589141845703125 0.100
142 1 -1.202731132507324219 0.100
142 3 -3.885807275772094727 0.100
286 0 -7.740246772766113281 0.100
286 1 -1.960824489593505859 0.100
286 2 -8.445692062377929688 0.100
430 0 -0.529261589050292969 0.100
430 1 -4.145768165588378906 0.100
574 0 -3.383252620697021484 0.100
574 2 -2.762053012847900391 0.100
574 3 -1.710841417312622070 0.100
718 4 -7.798912048339843750 0.100
862 0 -8.908702850341796875 0.100
862 3 -5.277308940887451172 0.100
1006 0 -9.469454765319824219 0.100
1006 2 -4.673276901245117188 0.100
1006 3 -1.944639563560485840 0.100
1006 4 -4.745363712310791016 0.100
1150 3 -9.021571159362792969 0.100
143 0 -1.652330756187438965 0.100
143 3 -7.048538684844970703 0.100
143 4 -3.097168684005737305 0.100
287 1 -10.560420036315917969 0.100
287 2 -6.487926006317138672 0.100
287 4 -7.593768119812011719 0.100
431 0 -1.889094948768615723 0.100
431 1 -2.007862567901611328 0.100
431 2 -1.407931685447692871 0.100
431 3 -7.032835006713867188 0.100
431 4 -1.066087365150451660 0.100
575 0 -5.274536609649658203 0.100
575 1 -1.831223368644714355 0.100
575 2 -1.101697564125061035 0.100
575 4 -0.915026009082794189 0.100
719 0 -0.848086416721343994 0.100
719 1 -5.907486915588378906 0.100
863 1 -8.421216964721679688 0.100
863 3 -0.341265767812728882 0.100
863 4 -1.423470735549926758 0.100
1007 0 -10.166017532348632812 0.100
1007 1 -1.228283524513244629 0.100
1007 4 -3.904865741729736328 0.100
1151 1 -8.428504943847656250 0.100
1151 2 -1.488048791885375977 0.100
